"Time (s)","X (rad/s)","Y (rad/s)","Z (rad/s)"
6.012416667E-3,1.926094107E-2,-1.071967930E-1,-2.502097283E-3
1.600741667E-2,2.373904549E-2,-1.461836100E-1,-1.243568771E-2
2.600141667E-2,2.769004554E-2,-1.431208402E-1,-1.788276434E-2
3.599641667E-2,2.363085561E-2,-1.086890921E-1,-1.590083912E-2
4.599141667E-2,2.003489807E-2,-5.353677645E-2,-1.182112657E-2
5.598641667E-2,2.329700440E-2,4.172324203E-3,-5.316887517E-3
6.598141667E-2,1.838072389E-2,4.558530822E-2,-6.783830002E-3
7.597541667E-2,1.576017402E-2,6.444235146E-2,-9.882950224E-3
8.597041667E-2,1.768427901E-2,6.581396610E-2,-1.718819886E-2
9.596541667E-2,2.478213608E-2,5.471284688E-2,-2.164526284E-2
1.059604167E-1,2.652490139E-2,3.806725517E-2,-2.616862766E-2
1.159544167E-1,2.653981559E-2,1.896813139E-2,-3.185047954E-2
1.259494167E-1,2.623462863E-2,5.704860203E-3,-3.302549571E-2
1.359444167E-1,2.488467284E-2,-4.443114623E-3,-3.816300258E-2
1.459394167E-1,2.305370755E-2,-2.165831160E-3,-3.843028098E-2
1.559334167E-1,2.519329265E-2,-3.098736517E-3,-3.729178011E-2
1.659284167E-1,2.561947331E-2,-6.947602145E-3,-3.890237957E-2
1.759234167E-1,2.583518997E-2,-2.099843882E-2,-4.376398027E-2
1.859184167E-1,2.748203650E-2,-2.770753205E-2,-4.791066423E-2
1.959134167E-1,3.630189225E-2,-3.401656076E-2,-4.634632170E-2
2.059074167E-1,4.584641382E-2,-3.743408620E-2,-5.217575654E-2
2.159024167E-1,5.696351454E-2,-4.111430794E-2,-5.603867024E-2
2.258974167E-1,6.568058580E-2,-2.840004116E-2,-5.982944742E-2
2.358924167E-1,6.488003582E-2,-8.139510639E-3,-6.070801988E-2
2.458864167E-1,7.084014267E-2,2.603251673E-2,-5.642499775E-2
2.558814167E-1,7.197517902E-2,5.783838406E-2,-5.538396537E-2
2.658764167E-1,7.690872252E-2,8.151040971E-2,-5.463305488E-2
2.758714167E-1,8.025471866E-2,9.377373755E-2,-5.496248603E-2
2.858654167E-1,7.967790216E-2,1.004948989E-1,-5.698974431E-2
2.958604167E-1,8.083717525E-2,1.051501036E-1,-5.435720831E-2
3.058554167E-1,7.989915460E-2,1.173545122E-1,-5.645432323E-2
3.158504167E-1,8.845935762E-2,1.212975979E-1,-5.456081405E-2
3.258454167E-1,1.014135480E-1,1.337316185E-1,-5.790584162E-2
3.358394167E-1,1.153253689E-1,1.554518193E-1,-5.932051316E-2
3.458344167E-1,1.331506222E-1,1.848720014E-1,-6.271849573E-2
3.558294167E-1,1.440927386E-1,2.221461385E-1,-6.267641485E-2
3.658244167E-1,1.546789259E-1,2.721887827E-1,-5.990436301E-2
3.758184167E-1,1.603488028E-1,3.220357001E-1,-6.374810636E-2
3.858134167E-1,1.664250046E-1,3.806387186E-1,-6.521509588E-2
3.958084167E-1,1.690721959E-1,4.352521896E-1,-6.334236264E-2
4.058034167E-1,1.800430864E-1,4.872535169E-1,-6.042244285E-2
4.157984167E-1,1.977845281E-1,5.288827419E-1,-5.253842101E-2
4.257924167E-1,2.186588943E-1,5.535174012E-1,-4.686744139E-2
4.357874167E-1,2.441378832E-1,5.583411455E-1,-4.072646052E-2
4.457824167E-1,2.650604844E-1,5.527275205E-1,-3.306747600E-2
4.557774167E-1,2.689745128E-1,5.415986776E-1,-2.393816039E-2
4.657714167E-1,2.704421878E-1,5.280819535E-1,-1.126173604E-2
4.757664167E-1,2.777805328E-1,5.072834492E-1,7.893849164E-3
4.857614167E-1,2.859883606E-1,4.804171324E-1,3.105778620E-2
4.957564167E-1,3.012070060E-1,4.463704824E-1,4.449795932E-2
5.057504167E-1,3.192614019E-1,4.121796787E-1,5.589009449E-2
5.157454167E-1,3.321593404E-1,3.849920034E-1,6.123106554E-2
5.257404167E-1,3.509979844E-1,3.736113906E-1,6.950929016E-2
5.357354167E-1,3.719930351E-1,3.862781823E-1,7.935739309E-2
5.457304167E-1,3.798073232E-1,4.235792160E-1,8.673263341E-2
5.557244167E-1,3.819754124E-1,4.763907790E-1,9.608539194E-2
5.657194167E-1,3.840336800E-1,5.346013904E-1,1.016763523E-1
5.757144167E-1,3.913895786E-1,5.777739286E-1,1.086551622E-1
5.857094167E-1,3.972438574E-1,5.976167321E-1,1.141578034E-1
5.957034167E-1,4.096936285E-1,5.984617472E-1,1.163365319E-1
6.056984167E-1,4.167879820E-1,5.831311345E-1,1.181691065E-1
6.156934167E-1,4.280928373E-1,5.491904616E-1,1.200708672E-1
6.256884167E-1,4.386714101E-1,5.243933201E-1,1.184322983E-1
6.356834167E-1,4.376617968E-1,5.014374256E-1,1.200267375E-1
6.456774167E-1,4.381081164E-1,5.011416078E-1,1.241554916E-1
6.556724167E-1,4.335693121E-1,5.100647807E-1,1.329801381E-1
6.656674167E-1,4.303194880E-1,5.115627050E-1,1.356291622E-1
6.756624167E-1,4.343259335E-1,5.119571090E-1,1.295342445E-1
6.856564167E-1,4.319961667E-1,5.165379047E-1,1.211405396E-1
6.956514167E-1,4.248149693E-1,5.197533965E-1,1.178685799E-1
7.056464167E-1,4.214417636E-1,5.343309641E-1,1.190151870E-1
7.156414167E-1,4.058071375E-1,5.318946838E-1,1.186085194E-1
7.256354167E-1,3.837724626E-1,5.241962671E-1,1.214662567E-1
7.356304167E-1,3.640717268E-1,4.955121577E-1,1.217639968E-1
7.456254167E-1,3.453648984E-1,4.344391227E-1,1.210198551E-1
7.556204167E-1,3.280210793E-1,3.675178587E-1,1.159912795E-1
7.656154167E-1,3.159545064E-1,3.106770813E-1,1.059421599E-1
7.756094167E-1,3.054275811E-1,2.741459608E-1,1.022736505E-1
7.856044167E-1,2.890941799E-1,2.540277541E-1,9.455018491E-2
7.955994167E-1,2.719663084E-1,2.491970658E-1,9.103640914E-2
8.055944167E-1,2.603805065E-1,2.529271245E-1,8.518674225E-2
8.155884167E-1,2.546171546E-1,2.554994822E-1,8.691939712E-2
8.255834167E-1,2.434172183E-1,2.136593014E-1,8.616655320E-2
8.355784167E-1,2.342535406E-1,1.738767326E-1,8.576308191E-2
8.455734167E-1,2.220717818E-1,1.443695575E-1,8.451763541E-2
8.555674167E-1,2.044288814E-1,1.192144156E-1,8.694004267E-2
8.655624167E-1,1.921225935E-1,9.485583752E-2,8.869339526E-2
8.755574167E-1,1.915465444E-1,6.689903885E-2,8.929340541E-2
8.855524167E-1,2.121465951E-1,-8.716318011E-2,1.128094718E-1
8.955474167E-1,2.028082311E-1,-8.906201273E-2,6.370850652E-2
9.055414167E-1,1.973434538E-1,-8.654586971E-2,4.382977262E-2
9.155364167E-1,1.868386120E-1,-6.503312290E-2,5.599536002E-2
9.255314167E-1,1.766081005E-1,-4.718337208E-2,6.242309511E-2
9.355264167E-1,1.658220440E-1,-5.906479806E-2,4.055720940E-2
9.455204167E-1,1.484950483E-1,-5.701962858E-2,2.465238795E-2
9.555154167E-1,1.267066747E-1,-4.339250177E-2,3.065462038E-2
9.655104167E-1,1.187583506E-1,-2.743206173E-2,3.422459587E-2
9.755054167E-1,1.173516735E-1,-7.702564821E-3,2.959176153E-2
9.854994167E-1,1.129044369E-1,-3.022433724E-3,3.337056190E-2
9.954944167E-1,1.053405255E-1,-1.394245960E-2,3.966520727E-2
1.005489417E0,9.290915728E-2,-2.586250193E-2,3.866599128E-2
1.015484417E0,8.992961049E-2,-5.429440737E-2,4.377499968E-2
1.025479417E0,9.157143533E-2,-8.908952028E-2,4.663714394E-2
1.035473417E0,9.912762046E-2,-1.074344367E-1,4.347490519E-2
1.045468417E0,1.125202477E-1,-1.213564128E-1,4.296354204E-2
1.055463417E0,1.337136775E-1,-1.299850643E-1,4.401975125E-2
1.065458417E0,1.607676148E-1,-1.282850355E-1,5.205280334E-2
1.075452417E0,1.800315827E-1,-1.310009211E-1,5.695861205E-2
1.085447417E0,2.050564587E-1,-1.387904584E-1,5.332272872E-2
1.095442417E0,2.264618725E-1,-1.328771710E-1,5.496030673E-2
1.105437417E0,2.475357503E-1,-1.108264327E-1,5.215571821E-2
1.115431417E0,2.670588493E-1,-1.074703112E-1,4.754552245E-2
1.125426417E0,2.754179239E-1,-1.268461943E-1,5.347544700E-2
1.135421417E0,2.860279679E-1,-1.317256540E-1,5.851867422E-2
1.145416417E0,3.027659655E-1,-1.369055808E-1,5.790420622E-2
1.155411417E0,3.147512376E-1,-1.418678463E-1,6.171066314E-2
1.165405417E0,3.229205012E-1,-1.230212227E-1,6.519409269E-2
1.175400417E0,3.289472163E-1,-1.086444184E-1,7.315135002E-2
1.185395417E0,3.368690908E-1,-9.696190804E-2,8.509950340E-2
1.195390417E0,3.439520299E-1,-3.875479102E-2,9.211027622E-2
1.205384417E0,3.569977880E-1,-3.664058447E-2,1.082139090E-1
1.215379417E0,3.616649806E-1,3.893113881E-2,1.030074283E-1
1.225374417E0,3.892892003E-1,6.122567505E-2,1.043184474E-1
1.235369417E0,3.818853199E-1,1.725444794E-1,1.056894362E-1
1.245363417E0,4.159990549E-1,2.081688344E-1,1.124294549E-1
1.255358417E0,4.168198407E-1,2.377733290E-1,1.221667752E-1
1.265353417E0,4.201093912E-1,2.911836505E-1,1.275889277E-1
1.275348417E0,4.350675642E-1,2.593130767E-1,1.308771372E-1
1.285343417E0,4.241738617E-1,2.768186033E-1,1.291799992E-1
1.295337417E0,4.194962978E-1,2.744960487E-1,1.335404068E-1
1.305332417E0,4.032079279E-1,2.878303230E-1,1.291638762E-1
1.315327417E0,3.835167885E-1,3.336590528E-1,1.154230237E-1
1.325322417E0,3.707514703E-1,3.740327358E-1,1.108647063E-1
1.335315750E0,3.537309468E-1,4.141348898E-1,1.112812236E-1
1.345310750E0,3.416478932E-1,4.835766852E-1,1.024622023E-1
1.355305750E0,3.284609914E-1,5.461117029E-1,9.383808821E-2
1.365300750E0,3.173717856E-1,5.271525979E-1,1.019803062E-1
1.375294750E0,2.937048078E-1,4.916582406E-1,1.110848561E-1
1.385289750E0,2.714365423E-1,4.550624788E-1,1.074016914E-1
1.395284750E0,2.541323900E-1,3.960305750E-1,1.054661050E-1
1.405279750E0,2.415295094E-1,3.173207939E-1,1.023345068E-1
1.415274750E0,2.379683256E-1,2.274084985E-1,9.722789377E-2
1.425268750E0,2.351746708E-1,1.495707631E-1,9.269836545E-2
1.435263750E0,2.179160565E-1,9.921970963E-2,8.110189438E-2
1.445258750E0,2.074136883E-1,8.625032008E-2,6.604232639E-2
1.455253750E0,2.005339414E-1,8.762025088E-2,5.388073996E-2
1.465247750E0,1.886591017E-1,8.573745936E-2,5.115598068E-2
1.475242750E0,1.837453097E-1,7.969634235E-2,6.002590433E-2
1.485237750E0,1.832734048E-1,9.299540520E-2,6.210022420E-2
1.495232750E0,1.876532435E-1,8.228976279E-2,7.051741332E-2
1.505226750E0,1.954533905E-1,8.475805819E-2,7.734972239E-2
1.515221750E0,2.038040012E-1,7.810974121E-2,7.761283964E-2
1.525216750E0,2.154084742E-1,6.454800069E-2,7.809614390E-2
1.535211750E0,2.274193317E-1,5.244979262E-2,7.875154912E-2
1.545205750E0,2.391215265E-1,2.496087551E-2,8.546885848E-2
1.555200750E0,2.467038035E-1,9.838381782E-3,8.322887123E-2
1.565195750E0,2.625400424E-1,6.068374962E-3,7.802560180E-2
1.575190750E0,2.797869146E-1,-1.088273712E-4,8.229251951E-2
1.585184750E0,2.980951369E-1,-5.606476683E-3,8.650717139E-2
1.595179750E0,3.174320757E-1,4.935912788E-3,8.237527311E-2
1.605174750E0,3.413102031E-1,1.202521194E-2,8.341472596E-2
1.615169750E0,3.590458035E-1,1.075115521E-2,8.419875801E-2
1.625164750E0,3.740901649E-1,1.271146163E-2,8.165593445E-2
1.635158750E0,3.912702203E-1,1.647663862E-2,7.719700783E-2
1.645153750E0,4.127582908E-1,8.545912802E-3,7.362899184E-2
1.655148750E0,4.272608161E-1,-9.613383561E-3,7.526896149E-2
1.665143750E0,4.428535700E-1,-1.164765004E-2,7.189852744E-2
1.675137750E0,4.498374462E-1,-1.957667992E-2,7.285620272E-2
1.685132750E0,4.598171115E-1,-2.173593454E-2,7.581708580E-2
1.695127750E0,4.646129310E-1,-3.086616052E-3,7.477099448E-2
1.705122750E0,4.661797285E-1,1.731006056E-2,7.783643901E-2
1.715116750E0,4.624028504E-1,4.744958878E-2,8.266155422E-2
1.725111750E0,4.545491338E-1,7.522767037E-2,9.029774368E-2
1.735106750E0,4.379310012E-1,7.979126275E-2,9.478543699E-2
1.745101750E0,4.070468545E-1,6.990903616E-2,9.394842386E-2
1.755096750E0,3.856294453E-1,6.155629456E-2,8.944608271E-2
1.765090750E0,3.620266318E-1,4.917106777E-2,8.099823445E-2
1.775085750E0,3.388105333E-1,4.695132375E-2,6.825474650E-2
1.785080750E0,3.146359622E-1,4.219180718E-2,6.878132373E-2
1.795075750E0,2.818620205E-1,4.935677350E-2,7.250203192E-2
1.805069750E0,2.533662617E-1,7.021029294E-2,8.468608558E-2
1.815064750E0,2.248126566E-1,1.038976833E-1,9.552195668E-2
1.825059750E0,1.959657222E-1,1.191745624E-1,1.109403074E-1
1.835054750E0,1.685093343E-1,1.253866553E-1,1.180810407E-1
1.845048750E0,1.388271898E-1,1.534696370E-1,1.099525020E-1
1.855043750E0,1.068261117E-1,1.835766733E-1,1.020564958E-1
1.865038750E0,6.380298734E-2,2.094749361E-1,8.427836746E-2
1.875033750E0,2.939840592E-2,2.567005157E-1,6.938437372E-2
1.885027750E0,-7.799596060E-3,3.204105794E-1,5.161292106E-2
1.895022750E0,-4.405560344E-2,3.936315179E-1,3.901324049E-2
1.905017750E0,-8.177924901E-2,4.872742891E-1,3.176404163E-2
1.915012750E0,-1.028456539E-1,6.074510217E-1,2.897304855E-2
1.925007750E0,-1.321330667E-1,7.457723022E-1,2.044560574E-2
1.935001750E0,-1.607055962E-1,8.651748300E-1,7.229403593E-3
1.944996750E0,-1.757231355E-1,9.039818048E-1,-3.334526345E-2
1.954991750E0,-2.206426710E-1,8.989689350E-1,-5.438849702E-2
1.964986750E0,-2.847984433E-1,8.446760774E-1,-7.481288910E-2
1.974980750E0,-3.255003393E-1,7.524331808E-1,-1.060357839E-1
1.984975750E0,-2.968290448E-1,7.304897904E-1,-1.680269390E-1
1.994970750E0,-2.336463332E-1,7.801129818E-1,-2.543719709E-1
2.004965750E0,-1.470623761E-1,8.555231094E-1,-3.239980638E-1
2.014959750E0,-5.503739044E-2,9.751946926E-1,-3.610186577E-1
2.024954750E0,3.543148562E-2,1.112639666E0,-3.686690331E-1
2.034949750E0,9.836810082E-2,1.258544207E0,-3.612342775E-1
2.044944750E0,1.558346003E-1,1.346230507E0,-3.219470382E-1
2.054938750E0,1.926589161E-1,1.315977573E0,-2.665285170E-1
2.064933750E0,2.296337336E-1,1.187469482E0,-2.213118076E-1
2.074928750E0,2.735678852E-1,9.717829823E-1,-1.823500246E-1
2.084923750E0,3.229388595E-1,6.699224710E-1,-1.813672185E-1
2.094918750E0,3.743977845E-1,3.353341222E-1,-2.059609890E-1
2.104912750E0,4.148954153E-1,1.177246775E-2,-2.377034277E-1
2.114907750E0,4.475327134E-1,-2.658620775E-1,-2.457560152E-1
2.124902750E0,4.741627872E-1,-4.953177273E-1,-2.235070914E-1
2.134897750E0,4.773689806E-1,-6.578205824E-1,-1.764074862E-1
2.144891750E0,4.593364000E-1,-7.334781885E-1,-1.438187808E-1
2.154886750E0,4.217520058E-1,-7.488022447E-1,-1.384354681E-1
2.164881750E0,3.665835261E-1,-7.141081691E-1,-1.628224701E-1
2.174876750E0,3.061582446E-1,-6.660349369E-1,-1.971751153E-1
2.184870750E0,2.395971417E-1,-6.070762277E-1,-2.387185246E-1
2.194865750E0,1.821293235E-1,-5.489647388E-1,-2.856439352E-1
2.204860750E0,1.350126863E-1,-5.073739290E-1,-3.407980204E-1
2.214855750E0,8.995572478E-2,-4.792887568E-1,-4.025644362E-1
2.224849750E0,5.390342698E-2,-4.654388726E-1,-4.626362324E-1
2.234844750E0,1.104650740E-2,-4.484356642E-1,-5.115787387E-1
2.244839750E0,-3.453375772E-2,-4.236445129E-1,-5.393352509E-1
2.254834750E0,-7.753155380E-2,-3.957481682E-1,-5.505959392E-1
2.264829750E0,-1.132868826E-1,-3.777885735E-1,-5.584906340E-1
2.274823750E0,-1.461369693E-1,-3.577584028E-1,-5.828372836E-1
2.284818750E0,-1.648688614E-1,-3.278285265E-1,-6.189076304E-1
2.294813750E0,-1.763417572E-1,-2.942519188E-1,-6.527603865E-1
2.304808750E0,-1.837825924E-1,-2.499306053E-1,-6.802671552E-1
2.314802750E0,-2.077691555E-1,-2.048384994E-1,-6.910076737E-1
2.324797750E0,-2.355208844E-1,-1.668018997E-1,-6.832270026E-1
2.334793250E0,-2.637014091E-1,-1.437437236E-1,-6.509971619E-1
2.344788250E0,-2.980017066E-1,-1.465998441E-1,-5.995308161E-1
2.354782250E0,-3.197959363E-1,-1.915771812E-1,-5.518668890E-1
2.364777250E0,-3.415222168E-1,-2.767868042E-1,-5.197314024E-1
2.374772250E0,-3.512523472E-1,-3.772870600E-1,-4.965792298E-1
2.384767250E0,-3.536534309E-1,-4.825566113E-1,-4.798834026E-1
2.394761250E0,-3.533777893E-1,-5.675356984E-1,-4.592058361E-1
2.404756250E0,-3.602713943E-1,-6.232304573E-1,-4.392570853E-1
2.414751250E0,-3.594087958E-1,-6.371172667E-1,-4.042639434E-1
2.424746250E0,-3.651990592E-1,-6.048257351E-1,-3.547424674E-1
2.434741250E0,-3.721427023E-1,-5.487648249E-1,-2.958922088E-1
2.444735250E0,-3.749552071E-1,-4.864570796E-1,-2.439316958E-1
2.454730250E0,-3.719280064E-1,-4.211070836E-1,-2.080557197E-1
2.464725250E0,-3.599675000E-1,-3.648639917E-1,-1.819401383E-1
2.474720250E0,-3.452303708E-1,-3.256582916E-1,-1.601557583E-1
2.484714250E0,-3.188730776E-1,-3.076531887E-1,-1.496684849E-1
2.494709250E0,-2.878381908E-1,-3.159750104E-1,-1.527652144E-1
2.504704250E0,-2.672630847E-1,-3.041073382E-1,-1.399209499E-1
2.514699250E0,-2.505152524E-1,-2.776485384E-1,-1.300472766E-1
2.524693250E0,-2.358471453E-1,-2.643846869E-1,-1.243304238E-1
2.534688250E0,-2.296451777E-1,-2.351980358E-1,-1.059639379E-1
2.544683250E0,-2.303176075E-1,-1.912962943E-1,-6.785733253E-2
2.554678250E0,-2.266224772E-1,-1.638098061E-1,-3.488366306E-2
2.564672250E0,-2.213475406E-1,-1.630164087E-1,-2.628273517E-2
2.574667250E0,-2.094472200E-1,-1.790619493E-1,-3.194301575E-2
2.584662250E0,-1.988521665E-1,-1.961701214E-1,-3.598494455E-2
2.594657250E0,-1.532298177E-1,-2.161400914E-1,-5.115457624E-2
2.604651250E0,-1.220404208E-1,-2.209648192E-1,-5.060532689E-2
2.614646250E0,-1.037903056E-1,-1.715735644E-1,-2.101840638E-2
2.624641250E0,-8.196224272E-2,-1.199058443E-1,-9.385453537E-3
2.634636250E0,-7.813581079E-2,-6.576856971E-2,-1.247791573E-2
2.644631250E0,-8.468987048E-2,-1.156962244E-3,-1.837835461E-2
2.654625250E0,-8.913948387E-2,4.096812010E-2,-2.238827758E-2
2.664620250E0,-9.044414759E-2,6.718785316E-2,-2.330524847E-2
2.674615250E0,-8.392100036E-2,7.499091327E-2,-2.243918739E-2
2.684610250E0,-7.701912522E-2,8.323224634E-2,-2.679352835E-2
2.694604250E0,-6.484155357E-2,6.968528032E-2,-2.983965352E-2
2.704599250E0,-4.966363683E-2,5.220473185E-2,-3.299903125E-2
2.714594250E0,-4.002725333E-2,2.732681483E-2,-3.415058181E-2
2.724589250E0,-3.167856112E-2,4.309622571E-3,-3.210648894E-2
2.734583250E0,-1.756939664E-2,-1.285844482E-2,-2.691412717E-2
2.744578250E0,-1.072137803E-2,-1.027725916E-2,-1.104958821E-2
2.754573250E0,-3.591829212E-3,-1.011667028E-2,8.372578770E-3
2.764568250E0,1.898190007E-2,-2.864123136E-2,7.820032537E-3
2.774563250E0,3.306283429E-2,-3.359524161E-2,-3.198529594E-3
2.784557250E0,3.704635054E-2,-3.665386885E-2,-1.723568141E-2
2.794552250E0,3.727351874E-2,-3.596597910E-2,-2.792960219E-2
2.804547250E0,3.544582427E-2,-1.098211296E-2,-2.316609770E-2
2.814542250E0,3.070566244E-2,1.912385598E-2,-8.609525859E-3
2.824536250E0,2.897224389E-2,4.781058058E-2,4.131747410E-4
2.834531250E0,2.387655154E-2,6.911852956E-2,-5.829274189E-3
2.844526250E0,2.238999866E-2,7.586552948E-2,-2.054969035E-2
2.854521250E0,2.264326438E-2,6.172228232E-2,-4.409363121E-2
2.864515250E0,1.106148865E-2,3.287414089E-2,-6.038270146E-2
2.874510250E0,2.292640321E-2,-1.236550696E-2,-8.245045692E-2
2.884505250E0,4.126435891E-2,-5.251424760E-2,-9.408677369E-2
2.894500250E0,6.292144954E-2,-4.572584480E-2,-8.320190012E-2
2.904494250E0,8.701820672E-2,-2.892595902E-2,-8.311891556E-2
2.914489250E0,1.042150408E-1,-6.908597425E-4,-9.263918549E-2
2.924484250E0,9.709678590E-2,4.632960260E-2,-9.979726374E-2
2.934479250E0,8.839251101E-2,7.820924371E-2,-1.142105609E-1
2.944474250E0,7.480656356E-2,9.221655130E-2,-1.356237084E-1
2.954468250E0,5.685978383E-2,1.139340922E-1,-1.546274871E-1
2.964463250E0,5.001892895E-2,1.255716234E-1,-1.598678082E-1
2.974458250E0,5.610265583E-2,1.214620844E-1,-1.593069434E-1
2.984453250E0,6.714578718E-2,1.055797040E-1,-1.633370221E-1
2.994447250E0,8.225709945E-2,8.525551856E-2,-1.621316671E-1
3.004442250E0,9.150804579E-2,7.100024819E-2,-1.655677706E-1
3.014437250E0,1.039684415E-1,5.905783549E-2,-1.651216894E-1
3.024432250E0,1.068939343E-1,4.892587662E-2,-1.650189012E-1
3.034426250E0,1.012277901E-1,4.633861408E-2,-1.510415673E-1
3.044421250E0,9.722209722E-2,4.493061453E-2,-1.259981692E-1
3.054416250E0,8.558168262E-2,4.846329615E-2,-1.095840484E-1
3.064411250E0,6.613425910E-2,4.986174777E-2,-1.001304761E-1
3.074405250E0,3.993887454E-2,4.569496587E-2,-8.385696262E-2
3.084400250E0,1.640826650E-2,3.058802709E-2,-7.491571456E-2
3.094395250E0,-3.408847842E-3,4.382521380E-3,-7.125413418E-2
3.104390250E0,-1.277944632E-2,-2.710989118E-2,-7.430371642E-2
3.114384250E0,-1.874226332E-2,-5.689575151E-2,-6.929165125E-2
3.124379250E0,-2.954031713E-2,-8.313187957E-2,-6.724767387E-2
3.134374250E0,-4.015487805E-2,-1.030017212E-1,-6.696617603E-2
3.144369250E0,-5.261443183E-2,-1.028291360E-1,-6.673246622E-2
3.154364250E0,-3.747222945E-2,-8.007961512E-2,-5.969959125E-2
3.164358250E0,-2.712533437E-2,-2.836459130E-2,-3.264928609E-2
3.174353250E0,-2.517563477E-2,3.427535295E-2,-2.404819243E-4
3.184348250E0,-1.690607518E-2,7.554312050E-2,1.097485796E-2
3.194343250E0,-2.497492172E-2,1.121850163E-1,9.001456201E-3
3.204337250E0,-3.695986420E-2,1.226901338E-1,8.165534586E-3
3.214332250E0,-4.311469570E-2,1.020413116E-1,4.192630760E-3
3.224327250E0,-3.846192360E-2,7.119579613E-2,4.229485057E-3
3.234322250E0,-2.437939309E-2,4.429174587E-2,1.055635698E-2
3.244316250E0,-5.863397848E-3,2.203103155E-2,1.850110479E-2
3.254311250E0,1.482883096E-2,1.219970640E-2,2.147825249E-2
3.264306250E0,3.502876684E-2,1.672910713E-2,2.782173455E-2
3.274301250E0,5.338567123E-2,3.496057540E-2,3.582586348E-2
3.284295250E0,6.418611854E-2,6.384815276E-2,4.978455603E-2
3.294290250E0,6.356693804E-2,9.863808751E-2,6.319677085E-2
3.304285250E0,5.466856807E-2,1.178590208E-1,6.762146205E-2
3.314280250E0,5.342593789E-2,1.177250594E-1,6.490077823E-2
3.324275250E0,5.329228193E-2,1.142011136E-1,5.981644988E-2
3.334269750E0,5.057718605E-2,1.218292043E-1,5.399610847E-2
3.344264750E0,4.426140338E-2,1.150300354E-1,3.417979553E-2
3.354259750E0,5.365677178E-2,1.140340120E-1,1.925384253E-2
3.364254750E0,6.884906441E-2,1.137500405E-1,1.803111099E-2
3.374248750E0,6.710735708E-2,1.078133211E-1,2.506771497E-2
3.384243750E0,6.349530816E-2,1.003646553E-1,2.497400157E-2
3.394238750E0,6.799444556E-2,7.822179794E-2,3.490014235E-3
3.404233750E0,6.613422185E-2,7.076410949E-2,-1.600910351E-2
3.414227750E0,6.614647061E-2,7.101524621E-2,-2.537757158E-2
3.424222750E0,6.561902165E-2,6.911055744E-2,-3.086027503E-2
3.434217750E0,6.002612039E-2,8.122979850E-2,-4.334890470E-2
3.444212750E0,5.434127152E-2,1.015881971E-1,-5.596040934E-2
3.454206750E0,5.729871243E-2,1.176209599E-1,-6.482554227E-2
3.464201750E0,6.572849303E-2,1.334760338E-1,-6.854217499E-2
3.474196750E0,7.625729591E-2,1.449811608E-1,-6.631577015E-2
3.484191750E0,9.602686763E-2,1.622495204E-1,-6.437928230E-2
3.494186750E0,1.180141941E-1,1.725109369E-1,-5.745426565E-2
3.504180750E0,1.370174736E-1,1.794114113E-1,-4.453589395E-2
3.514175750E0,1.580058485E-1,1.786084771E-1,-2.841071971E-2
3.524170750E0,1.857248247E-1,1.844494641E-1,-1.010224316E-2
3.534165750E0,2.165447772E-1,2.011107355E-1,-3.954335116E-3
3.544159750E0,2.322316170E-1,2.247217000E-1,-3.440951463E-3
3.554154750E0,2.268197984E-1,2.567283809E-1,-5.689192098E-3
3.564149750E0,2.125812620E-1,2.907643616E-1,-1.208221167E-2
3.574144750E0,2.033528686E-1,3.315986097E-1,2.594467718E-3
3.584138750E0,1.961183995E-1,3.759623766E-1,4.151708633E-2
3.594133750E0,1.972973794E-1,4.042299688E-1,8.954106271E-2
3.604128750E0,1.996049881E-1,4.021648169E-1,1.367901415E-1
3.614123750E0,1.995991319E-1,3.712127805E-1,1.729334891E-1
3.624117750E0,1.965050697E-1,3.143809140E-1,1.915284842E-1
3.634112750E0,1.906405240E-1,2.459970564E-1,2.007997483E-1
3.644107750E0,1.759065539E-1,1.775214374E-1,2.084886134E-1
3.654102750E0,1.545290947E-1,1.227364913E-1,2.146895230E-1
3.664097750E0,1.267435700E-1,8.775653690E-2,2.166575342E-1
3.674091750E0,1.005556434E-1,7.036956400E-2,2.131839842E-1
3.684086750E0,5.831149220E-2,6.121160835E-2,2.044411451E-1
3.694081750E0,1.255092770E-2,5.499498919E-2,1.838232130E-1
3.704076750E0,-3.869441152E-2,4.323370755E-2,1.602049619E-1
3.714070750E0,-9.402557462E-2,2.779536322E-2,1.280896366E-1
3.724065750E0,-1.491620094E-1,-1.697683008E-3,8.915059268E-2
3.734060750E0,-1.957920939E-1,-4.797143862E-2,5.741076916E-2
3.744055750E0,-2.266302407E-1,-9.720253199E-2,4.143384472E-2
3.754049750E0,-2.349206656E-1,-1.427130401E-1,1.768297516E-2
3.764044750E0,-2.436403632E-1,-2.003504485E-1,-1.802337170E-2
3.774039750E0,-2.475152612E-1,-2.536746562E-1,-5.973859876E-2
3.784034750E0,-2.432272881E-1,-2.740517855E-1,-1.039308533E-1
3.794028750E0,-2.335802615E-1,-2.555132508E-1,-1.450910717E-1
3.804023750E0,-2.042686790E-1,-2.013895959E-1,-1.743281335E-1
3.814018750E0,-1.777936667E-1,-1.279031336E-1,-1.999421567E-1
3.824013750E0,-1.368603706E-1,-5.294890702E-2,-2.080463469E-1
3.834008750E0,-8.843958378E-2,1.848399639E-2,-2.157407552E-1
3.844002750E0,-2.656109445E-2,8.583626896E-2,-2.137440145E-1
3.853997750E0,4.006480426E-2,1.298862994E-1,-2.105319798E-1
3.863992750E0,1.057901010E-1,1.398560703E-1,-2.156012505E-1
3.873987750E0,1.644600630E-1,1.202040762E-1,-2.160830051E-1
3.883981750E0,2.093991041E-1,8.548586816E-2,-2.072409242E-1
3.893976750E0,2.369934469E-1,4.029708728E-2,-1.926247030E-1
3.903971750E0,2.444776297E-1,-1.997261541E-3,-1.920824647E-1
3.913966750E0,2.381630093E-1,-4.086370021E-2,-2.013742328E-1
3.923960750E0,2.124726474E-1,-7.712921500E-2,-2.241996378E-1
3.933955750E0,1.771721840E-1,-1.166441292E-1,-2.542510331E-1
3.943950750E0,1.410417855E-1,-1.480947435E-1,-2.839716971E-1
3.953945750E0,1.054180190E-1,-1.863497198E-1,-3.103348613E-1
3.963939750E0,7.280074805E-2,-2.541470528E-1,-3.254180849E-1
3.973934750E0,4.062043503E-2,-3.426854312E-1,-3.188882768E-1
3.983929750E0,6.228527986E-3,-4.421717227E-1,-2.891269028E-1
3.993924750E0,-4.097147658E-2,-5.473151803E-1,-2.529054880E-1
4.003919750E0,-9.568078816E-2,-6.510359645E-1,-2.178500444E-1
4.013913750E0,-1.507107466E-1,-7.291004062E-1,-1.867323369E-1
4.023908750E0,-1.783300787E-1,-7.611856461E-1,-1.437817812E-1
4.033903750E0,-1.757737100E-1,-7.381788492E-1,-8.267103136E-2
4.043898750E0,-1.749971211E-1,-6.682031751E-1,-3.448276967E-2
4.053892750E0,-1.779100895E-1,-5.575591922E-1,5.138939712E-3
4.063887750E0,-1.895422190E-1,-4.153591990E-1,3.158429265E-2
4.073882750E0,-1.894708425E-1,-2.676645517E-1,6.358723342E-2
4.083877750E0,-1.779084802E-1,-1.260001808E-1,9.768212587E-2
4.093871750E0,-1.603545099E-1,1.251801848E-2,1.226540580E-1
4.103866750E0,-1.273338199E-1,1.262158602E-1,1.279194355E-1
4.113861750E0,-9.632291645E-2,2.168477625E-1,1.167996749E-1
4.123856750E0,-5.337931961E-2,3.041453660E-1,1.026678160E-1
4.133850750E0,-2.914322168E-2,3.742288649E-1,9.843259305E-2
4.143845750E0,-2.608726732E-2,4.022984207E-1,1.047075912E-1
4.153840750E0,-1.349131484E-2,3.873128295E-1,9.738283604E-2
4.163835750E0,1.173656061E-2,3.494539857E-1,8.046053350E-2
4.173830750E0,4.055329412E-2,2.986805439E-1,5.997043848E-2
4.183824750E0,8.084510267E-2,2.242467999E-1,4.576182738E-2
4.193819750E0,1.137015894E-1,1.586749852E-1,3.082388826E-2
4.203814750E0,1.330166608E-1,1.123472154E-1,8.795105852E-3
4.213809750E0,1.358508021E-1,6.910946220E-2,-2.385018766E-2
4.223803750E0,1.216667816E-1,4.676942900E-2,-5.561633036E-2
4.233798750E0,1.081171557E-1,3.550292552E-2,-8.740408719E-2
4.243793750E0,9.419490397E-2,3.779668361E-2,-1.169797033E-1
4.253788750E0,7.572534680E-2,7.061827928E-2,-1.283780336E-1
4.263782750E0,6.259305030E-2,1.097168252E-1,-1.304641366E-1
4.273777750E0,4.045206681E-2,1.442407072E-1,-1.458817124E-1
4.283772750E0,2.337246016E-2,1.729192585E-1,-1.624291241E-1
4.293767750E0,6.903177127E-4,1.757251620E-1,-1.786562949E-1
4.303761750E0,-1.695932820E-2,1.608775258E-1,-1.813075244E-1
4.313756750E0,-2.289045416E-2,1.272074580E-1,-1.800337285E-1
4.323751750E0,-2.938027121E-2,7.593146712E-2,-1.781595051E-1
4.333746125E0,-3.519422188E-2,1.757495105E-2,-1.755000800E-1
4.343741125E0,-2.715099044E-2,-5.042413622E-2,-1.740911305E-1
4.353735125E0,-6.289382931E-3,-1.124976277E-1,-1.576668769E-1
4.363730125E0,1.940132678E-2,-1.536616087E-1,-1.492555439E-1
4.373725125E0,3.741894290E-2,-1.810482144E-1,-1.402050555E-1
4.383720125E0,5.697411671E-2,-2.065129131E-1,-1.470701844E-1
4.393714125E0,6.258352846E-2,-1.970491111E-1,-1.525355130E-1
4.403709125E0,1.030918062E-1,-1.347002536E-1,-1.388830841E-1
4.413704125E0,1.359845102E-1,-3.976733983E-2,-9.786481410E-2
4.423699125E0,1.556223631E-1,5.352171510E-2,-5.730668083E-2
4.433693125E0,1.780182272E-1,1.383015811E-1,-2.927318215E-2
4.443688125E0,2.006468326E-1,2.159077376E-1,-2.357428428E-3
4.453683125E0,2.053814083E-1,2.569691241E-1,2.758928575E-2
4.463678125E0,1.982582361E-1,2.558192611E-1,5.199323595E-2
4.473672125E0,1.913246959E-1,2.142433524E-1,6.815729290E-2
4.483667125E0,1.810714304E-1,1.692149043E-1,8.269542456E-2
4.493662125E0,1.735320240E-1,1.304986775E-1,9.627754986E-2
4.503657125E0,1.611273736E-1,9.803717583E-2,1.177229509E-1
4.513652125E0,1.372894198E-1,8.420791477E-2,1.484507769E-1
4.523646125E0,1.014880314E-1,8.915138990E-2,1.791766882E-1
4.533641125E0,4.608096927E-2,1.055404767E-1,2.038101256E-1
4.543636125E0,-1.584871113E-2,1.418465525E-1,2.090815902E-1
4.553631125E0,-6.613265723E-2,1.685772389E-1,1.942986399E-1
4.563625125E0,-9.660804272E-2,1.815678775E-1,1.853574514E-1
4.573620125E0,-1.243983954E-1,1.803838462E-1,1.865137964E-1
4.583615125E0,-1.440125704E-1,1.603696793E-1,1.700831503E-1
4.593610125E0,-1.712676287E-1,1.255576462E-1,1.435077190E-1
4.603604125E0,-1.944984347E-1,8.148124069E-2,9.906154126E-2
4.613599125E0,-2.113059014E-1,3.395020962E-2,6.278130412E-2
4.623594125E0,-2.203030735E-1,3.931188025E-3,4.471505433E-2
4.633589125E0,-2.141117603E-1,-1.592534035E-2,4.559922218E-2
4.643584125E0,-2.000739723E-1,-3.732760251E-2,5.042142421E-2
4.653578125E0,-1.923188418E-1,-6.917262077E-2,4.458750412E-2
4.663573125E0,-1.851033121E-1,-1.071695238E-1,2.437527850E-2
4.673568125E0,-1.956137419E-1,-1.525780261E-1,-1.429728325E-2
4.683563125E0,-2.177084237E-1,-1.892225742E-1,-5.452928692E-2
4.693557125E0,-2.430662513E-1,-2.208803594E-1,-9.916573018E-2
4.703552125E0,-2.617258430E-1,-2.488358021E-1,-1.303056180E-1
4.713547125E0,-2.574296296E-1,-2.570141256E-1,-1.355842650E-1
4.723542125E0,-2.345682979E-1,-2.447329462E-1,-1.182554960E-1
4.733536125E0,-1.998997927E-1,-2.309201956E-1,-9.325267375E-2
4.743531125E0,-1.664063036E-1,-2.094046324E-1,-5.591830611E-2
4.753526125E0,-1.147540212E-1,-1.390045136E-1,-9.242943488E-4
4.763521125E0,-7.248853147E-2,-7.954481244E-2,5.399074405E-2
4.773515125E0,-2.269248106E-2,-1.863032766E-2,1.065687314E-1
4.783510125E0,3.876078129E-2,4.641486332E-2,1.626548469E-1
4.793505125E0,9.591674805E-2,1.001225635E-1,2.263211757E-1
4.803500125E0,1.670086980E-1,1.329085380E-1,2.841303349E-1
4.813495125E0,2.461365461E-1,1.738714278E-1,3.452144563E-1
4.823489125E0,3.343657851E-1,2.628585398E-1,4.201943278E-1
4.833484125E0,4.156499803E-1,4.003463686E-1,5.089236498E-1
4.843479125E0,4.921917915E-1,5.469384789E-1,5.872857571E-1
4.853474125E0,5.608102679E-1,6.888090372E-1,6.479030252E-1
4.863468125E0,6.004778743E-1,8.197396398E-1,6.966770887E-1
4.873463125E0,5.983646512E-1,9.115148187E-1,7.272024751E-1
4.883458125E0,5.643856525E-1,9.533084035E-1,7.392126322E-1
4.893453125E0,5.053207278E-1,9.397984147E-1,7.357105613E-1
4.903447125E0,4.402948320E-1,8.898703456E-1,7.173637748E-1
4.913442125E0,3.907038569E-1,8.223695755E-1,6.901656985E-1
4.923437125E0,3.589261770E-1,7.501359582E-1,6.529337168E-1
4.933432125E0,3.403658271E-1,6.731184125E-1,6.206476688E-1
4.943426125E0,3.344682753E-1,5.743074417E-1,5.773506761E-1
4.953421125E0,3.241083324E-1,4.743110538E-1,5.317845345E-1
4.963416125E0,3.038330972E-1,3.682166636E-1,4.660532773E-1
4.973411125E0,2.798127234E-1,2.459791750E-1,3.816736639E-1
4.983405125E0,2.615780830E-1,1.455940455E-1,2.992163301E-1
4.993400125E0,2.479722649E-1,6.074173748E-2,2.212972790E-1
5.003395125E0,2.478424013E-1,9.128046222E-4,1.642305702E-1
5.013390125E0,2.500477433E-1,-2.396724559E-2,1.183973029E-1
5.023385125E0,2.482353747E-1,-3.324151784E-2,7.497496903E-2
5.033379125E0,2.549984753E-1,-2.366052754E-2,2.665776946E-2
5.043374125E0,2.669345438E-1,2.070991788E-3,-1.920439117E-2
5.053369125E0,2.844056785E-1,2.787302807E-2,-5.915473402E-2
5.063364125E0,2.965783477E-1,4.563761130E-2,-1.118074879E-1
5.073358125E0,3.095777631E-1,5.375466123E-2,-1.521748751E-1
5.083353125E0,3.286221623E-1,6.267512590E-2,-1.865865290E-1
5.093348125E0,3.528350890E-1,7.368809730E-2,-2.259584367E-1
5.103343125E0,3.706560731E-1,7.006399333E-2,-2.597872615E-1
5.113337125E0,3.932897449E-1,6.869219989E-2,-2.930405438E-1
5.123332125E0,4.169106483E-1,7.806497812E-2,-3.216265738E-1
5.133327125E0,4.239126146E-1,1.010232866E-1,-3.533850312E-1
5.143322125E0,4.228945076E-1,1.423135251E-1,-3.914289773E-1
5.153317125E0,4.172129333E-1,1.893715858E-1,-4.230500162E-1
5.163311125E0,4.071621597E-1,2.319885492E-1,-4.495423436E-1
5.173306125E0,3.983082175E-1,2.641190588E-1,-4.781220555E-1
5.183301125E0,3.952665925E-1,2.785829306E-1,-5.041532516E-1
5.193296125E0,3.934857249E-1,2.662458420E-1,-5.328328609E-1
5.203290125E0,3.853458464E-1,2.285813987E-1,-5.691587925E-1
5.213285125E0,3.787806332E-1,1.912090033E-1,-6.005726457E-1
5.223280125E0,3.683393300E-1,1.573699266E-1,-6.289033294E-1
5.233275125E0,3.314681351E-1,1.366864890E-1,-6.501851678E-1
5.243269125E0,2.898368537E-1,1.382531673E-1,-6.619578600E-1
5.253264125E0,2.426288724E-1,1.626652926E-1,-6.581394076E-1
5.263259125E0,1.992851496E-1,2.007512450E-1,-6.449856162E-1
5.273254125E0,1.735464931E-1,2.230094075E-1,-6.414470673E-1
5.283248125E0,1.486112922E-1,2.286157161E-1,-6.306768656E-1
5.293243125E0,1.326360554E-1,2.206925452E-1,-6.176984906E-1
5.303238125E0,1.192145348E-1,1.993365735E-1,-5.975379348E-1
5.313233125E0,1.058177724E-1,1.747095138E-1,-5.724280477E-1
5.323228125E0,9.727038443E-2,1.523375511E-1,-5.589237213E-1
5.333222250E0,9.819956124E-2,1.404971331E-1,-5.540099740E-1
5.343217250E0,1.033088043E-1,1.398076862E-1,-5.487405062E-1
5.353212250E0,1.075458899E-1,1.410969198E-1,-5.271699429E-1
5.363207250E0,1.117092818E-1,1.595309526E-1,-4.889548719E-1
5.373201250E0,1.093515903E-1,1.853282005E-1,-4.464287162E-1
5.383196250E0,1.096354052E-1,2.016470879E-1,-4.057676494E-1
5.393191250E0,1.127680838E-1,2.054029405E-1,-3.705071509E-1
5.403186250E0,1.183684841E-1,1.934311837E-1,-3.406260312E-1
5.413180250E0,1.288488060E-1,1.788170934E-1,-3.099802434E-1
5.423175250E0,1.450043321E-1,1.598863602E-1,-2.781865299E-1
5.433170250E0,1.610008776E-1,1.484440863E-1,-2.511517107E-1
5.443165250E0,1.769281924E-1,1.345356405E-1,-2.340937108E-1
5.453159250E0,1.892184168E-1,1.169451997E-1,-2.204530090E-1
5.463154250E0,2.001000941E-1,9.625430405E-2,-1.952264756E-1
5.473149250E0,2.069697082E-1,7.931020856E-2,-1.717355400E-1
5.483144250E0,2.097582966E-1,7.456167787E-2,-1.503971815E-1
5.493139250E0,2.131170779E-1,7.728636265E-2,-1.228742078E-1
5.503133250E0,2.147682160E-1,7.623959333E-2,-1.026309356E-1
5.513128250E0,2.119607180E-1,7.030314207E-2,-8.980195224E-2
5.523123250E0,2.096022367E-1,5.451759323E-2,-7.503582537E-2
5.533118250E0,2.024220824E-1,4.534007236E-2,-6.559944153E-2
5.543112250E0,1.850739568E-1,4.016171396E-2,-6.436422467E-2
5.553107250E0,1.633721292E-1,3.450329602E-2,-6.156497449E-2
5.563102250E0,1.357432157E-1,2.366189286E-2,-4.507800937E-2
5.573097250E0,1.078948081E-1,1.623700187E-2,-2.916322649E-2
5.583091250E0,7.612004876E-2,1.144831162E-2,-1.784332655E-2
5.593086250E0,5.260034278E-2,-1.982240938E-4,-3.377568442E-3
5.603081250E0,3.177524731E-2,-7.769676857E-3,8.726958185E-3
5.613076250E0,1.172830444E-2,-1.730592363E-2,9.818853810E-3
5.623070250E0,1.153991092E-3,-2.782306261E-2,5.110831000E-3
5.633065250E0,-1.012050174E-2,-4.116869718E-2,8.758828975E-3
5.643060250E0,-2.176840231E-2,-4.904334992E-2,1.690499298E-2
5.653055250E0,-3.189374134E-2,-4.841057956E-2,2.248058841E-2
5.663050250E0,-3.583680838E-2,-4.643044621E-2,2.849317715E-2
5.673044250E0,-3.544026241E-2,-3.906787187E-2,4.173521325E-2
5.683039250E0,-3.234806657E-2,-2.198795415E-2,5.076039955E-2
5.693034250E0,-3.191317245E-2,-1.222347468E-2,5.967026949E-2
5.703029250E0,-2.712406404E-2,-3.337134141E-3,7.037606090E-2
5.713023250E0,-1.823389903E-2,-6.049297750E-3,8.746875823E-2
5.723018250E0,-1.464313734E-2,-1.227082964E-2,9.948967397E-2
5.733013250E0,-8.297623135E-3,-2.895846218E-2,1.051824465E-1
5.743008250E0,-6.883485243E-3,-4.141140357E-2,1.055337191E-1
5.753002250E0,-6.871501449E-3,-5.783032253E-2,1.050815135E-1
5.762997250E0,-5.863744300E-3,-7.206348330E-2,1.040446982E-1
5.772992250E0,1.451461867E-4,-8.069106191E-2,9.524109215E-2
5.782987250E0,5.510458141E-4,-9.027609229E-2,8.327489346E-2
5.792982250E0,-3.899362870E-3,-1.070513427E-1,7.656878233E-2
5.802976250E0,-1.222948078E-2,-1.203720495E-1,7.487398386E-2
5.812971250E0,-1.797099039E-2,-1.242698506E-1,7.807723433E-2
5.822966250E0,-2.521187626E-2,-1.257128567E-1,8.567048609E-2
5.832961250E0,-2.966521308E-2,-1.283139735E-1,8.193034679E-2
5.842955250E0,-3.068688884E-2,-1.305713207E-1,8.241314441E-2
5.852950250E0,-2.643781528E-2,-1.334573776E-1,7.810948044E-2
5.862945250E0,-1.680612937E-2,-1.379572004E-1,7.783863693E-2
5.872940250E0,-7.131131366E-3,-1.382109970E-1,7.242362946E-2
5.882934250E0,2.533724299E-3,-1.395821422E-1,6.903108954E-2
5.892929250E0,1.271525584E-2,-1.395424604E-1,6.434153020E-2
5.902924250E0,2.450292185E-2,-1.391635984E-1,5.621653423E-2
5.912919250E0,3.244366869E-2,-1.340751052E-1,4.490688816E-2
5.922913250E0,4.023746029E-2,-1.257563978E-1,3.074672818E-2
5.932908250E0,4.427161813E-2,-1.113790497E-1,1.800909452E-2
5.942903250E0,5.172847956E-2,-8.817033470E-2,3.074858803E-3
5.952898250E0,5.051407963E-2,-7.288484275E-2,-1.595156267E-2
5.962893250E0,5.600198358E-2,-5.966938287E-2,-3.218174353E-2
5.972887250E0,5.498225987E-2,-5.522030592E-2,-3.640231863E-2
5.982882250E0,5.225947872E-2,-4.798610881E-2,-4.385367781E-2
5.992877250E0,5.166878924E-2,-3.476910666E-2,-5.571592972E-2
6.002872250E0,5.552472174E-2,-1.725842059E-2,-6.732289493E-2
6.012866250E0,6.561357528E-2,-3.981763963E-3,-7.210513204E-2
6.022861250E0,7.633256912E-2,1.938430127E-3,-6.799197942E-2
6.032856250E0,8.759720623E-2,6.058872677E-3,-6.439431757E-2
6.042851250E0,1.016646624E-1,4.249371588E-3,-6.246005744E-2
6.052845250E0,1.117995903E-1,4.932738841E-3,-5.576779693E-2
6.062840250E0,1.118971482E-1,8.057068102E-3,-4.049276933E-2
6.072835250E0,1.069705635E-1,1.162623614E-2,-3.463541344E-2
6.082830250E0,9.916066378E-2,2.316918597E-2,-3.078603931E-2
6.092824250E0,8.968646824E-2,2.961057425E-2,-2.794151567E-2
6.102819250E0,7.654085755E-2,2.664688602E-2,-1.552938018E-2
6.112814250E0,6.983315200E-2,1.350019127E-2,3.061082913E-3
6.122809250E0,5.928088725E-2,-3.040579613E-3,1.923584938E-2
6.132804250E0,4.905887321E-2,-2.431683987E-2,3.492027149E-2
6.142798250E0,3.908351436E-2,-5.053221434E-2,5.186240003E-2
6.152793250E0,2.894166298E-2,-7.697926462E-2,7.356556505E-2
6.162788250E0,2.404812723E-2,-9.453068674E-2,9.518558532E-2
6.172783250E0,1.775720716E-2,-1.138822809E-1,1.068528891E-1
6.182777250E0,1.134824939E-2,-1.300067753E-1,1.187448651E-1
6.192772250E0,1.619721763E-3,-1.512452215E-1,1.326934397E-1
6.202767250E0,-3.205586225E-3,-1.674048305E-1,1.429221779E-1
6.212762250E0,-4.629312549E-3,-1.798827946E-1,1.510197967E-1
6.222756250E0,-9.765064344E-3,-1.929774731E-1,1.620042920E-1
6.232751250E0,-1.811274327E-2,-2.037837952E-1,1.685090661E-1
6.242746250E0,-2.788728103E-2,-2.050957978E-1,1.816239059E-1
6.252741250E0,-4.622341320E-2,-1.978397369E-1,1.809147000E-1
6.262735250E0,-6.596486270E-2,-1.762870997E-1,1.691887230E-1
6.272730250E0,-7.884124666E-2,-1.508882642E-1,1.484424323E-1
6.282725250E0,-1.002911776E-1,-1.300500929E-1,1.208439171E-1
6.292720250E0,-1.174054518E-1,-1.141483560E-1,9.073501825E-2
6.302715250E0,-1.337910891E-1,-1.063450277E-1,5.971851945E-2
6.312709250E0,-1.388377696E-1,-1.035556272E-1,2.669878118E-2
6.322704250E0,-1.552945077E-1,-1.020490825E-1,-3.203456756E-3
6.332699375E0,-1.743616760E-1,-8.518354595E-2,-2.938632481E-2
6.342694375E0,-1.896964610E-1,-5.233206972E-2,-4.046578705E-2
6.352688375E0,-2.089601606E-1,-1.477750577E-2,-4.058296606E-2
6.362683375E0,-2.219878286E-1,1.732713170E-2,-3.006612882E-2
6.372678375E0,-2.289282978E-1,4.456514493E-2,-1.081093866E-2
6.382673375E0,-2.356284857E-1,5.063781142E-2,1.418160088E-2
6.392667375E0,-2.413279116E-1,4.272077233E-2,3.467808664E-2
6.402662375E0,-2.394720018E-1,3.075136431E-2,4.594952986E-2
6.412657375E0,-2.429226637E-1,1.383949071E-2,6.050370261E-2
6.422652375E0,-2.589229345E-1,1.095764898E-2,8.390012383E-2
6.432646375E0,-2.786753476E-1,5.309350323E-3,1.211082116E-1
6.442641375E0,-3.004734814E-1,1.307297125E-2,1.621348113E-1
6.452636375E0,-3.186077476E-1,2.434373461E-2,2.028803676E-1
6.462631375E0,-3.348950148E-1,2.208998986E-2,2.407549173E-1
6.472626375E0,-3.449510932E-1,-6.999451667E-3,2.715548873E-1
6.482620375E0,-3.465835452E-1,-5.079017580E-2,3.010425568E-1
6.492615375E0,-3.436029553E-1,-9.476482123E-2,3.205193281E-1
6.502610375E0,-3.367170393E-1,-1.201043874E-1,3.264852762E-1
6.512605375E0,-3.300343752E-1,-1.273159683E-1,3.195275068E-1
6.522599375E0,-3.262534738E-1,-1.272943914E-1,3.081704676E-1
6.532594375E0,-3.303401172E-1,-1.114254147E-1,3.040241897E-1
6.542589375E0,-3.391458392E-1,-8.875198662E-2,3.137380183E-1
6.552584375E0,-3.560681045E-1,-6.809890270E-2,3.337383568E-1
6.562578375E0,-3.744828403E-1,-4.813180491E-2,3.529033661E-1
6.572573375E0,-3.848417401E-1,-4.310349375E-2,3.683435619E-1
6.582568375E0,-3.901056349E-1,-5.774759874E-2,3.729223609E-1
6.592563375E0,-3.962383568E-1,-9.209891409E-2,3.602196276E-1
6.602557375E0,-4.026209712E-1,-1.416464001E-1,3.233483434E-1
6.612552375E0,-3.979756236E-1,-1.896392256E-1,2.795358896E-1
6.622547375E0,-3.849109411E-1,-2.263955623E-1,2.409772724E-1
6.632542375E0,-3.714814186E-1,-2.334084660E-1,2.177883387E-1
6.642537375E0,-3.534374237E-1,-2.071127594E-1,2.069232017E-1
6.652531375E0,-3.468059003E-1,-1.608576328E-1,2.160517126E-1
6.662526375E0,-3.374547362E-1,-1.158829778E-1,2.373258471E-1
6.672521375E0,-3.258779943E-1,-9.967017919E-2,2.550973892E-1
6.682516375E0,-3.037718832E-1,-1.074399203E-1,2.560989857E-1
6.692510375E0,-2.763101757E-1,-1.343684793E-1,2.349265814E-1
6.702505375E0,-2.444132268E-1,-1.667579710E-1,1.970375925E-1
6.712500375E0,-2.162005007E-1,-2.149595916E-1,1.456745267E-1
6.722495375E0,-1.946976036E-1,-2.547328472E-1,9.076467156E-2
6.732489375E0,-1.813027114E-1,-2.591638267E-1,4.143707082E-2
6.742484375E0,-1.655314267E-1,-2.412395775E-1,1.073893160E-2
6.752479375E0,-1.485734731E-1,-1.992953271E-1,-1.197303832E-2
6.762474375E0,-1.163650453E-1,-1.354617029E-1,-2.497161552E-2
6.772468375E0,-7.551561296E-2,-5.381904542E-2,-2.556124143E-2
6.782463375E0,-4.241397604E-2,1.135986671E-2,-2.185451612E-2
6.792458375E0,-9.942584671E-3,2.710554190E-2,-2.021268010E-2
6.802453375E0,6.188506726E-3,8.318897337E-3,-3.423702344E-2
6.812448375E0,1.675726101E-2,-2.893872745E-2,-5.080002174E-2
6.822442375E0,2.284507081E-2,-5.933396891E-2,-7.373445481E-2
6.832437375E0,2.270711958E-2,-6.957169622E-2,-9.992717206E-2
6.842432375E0,1.868688315E-2,-5.625168979E-2,-1.319401562E-1
6.852427375E0,1.927490905E-2,-3.082382679E-2,-1.583946645E-1
6.862421375E0,2.908674441E-2,3.009178676E-3,-1.821983904E-1
6.872416375E0,4.144141078E-2,2.272322960E-2,-1.964510977E-1
6.882411375E0,5.882604048E-2,2.873773314E-2,-2.039349675E-1
6.892406375E0,8.963162452E-2,4.334437102E-2,-1.938415915E-1
6.902400375E0,1.106359512E-1,6.351630390E-2,-1.782207489E-1
6.912395375E0,1.211706176E-1,7.579294592E-2,-1.692219228E-1
6.922390375E0,1.181805134E-1,7.492004335E-2,-1.711148918E-1
6.932385375E0,1.166249588E-1,5.883721635E-2,-1.882395446E-1
6.942379375E0,1.145435497E-1,2.771430649E-2,-2.157504112E-1
6.952374375E0,1.330115050E-1,-7.680966984E-3,-2.485014200E-1
6.962369375E0,1.690939665E-1,-3.216229752E-2,-2.714706361E-1
6.972364375E0,2.059838027E-1,-6.335244328E-2,-2.875649035E-1
6.982359375E0,2.734406590E-1,-9.625797719E-2,-3.015338182E-1
6.992353375E0,3.577507436E-1,-1.000279486E-1,-2.870736420E-1
7.002348375E0,4.375892878E-1,-8.991970122E-2,-2.500413656E-1
7.012343375E0,5.239795446E-1,-9.085926414E-2,-2.167664915E-1
7.022338375E0,6.122269630E-1,-7.405573130E-2,-2.044256479E-1
7.032332375E0,6.989699006E-1,-6.032234430E-2,-2.148713619E-1
7.042327375E0,7.907004356E-1,-5.106576160E-2,-2.311194986E-1
7.052322375E0,9.019433260E-1,-3.171150386E-2,-2.464635521E-1
7.062317375E0,1.035417080E0,1.760320365E-2,-2.497238219E-1
7.072311375E0,1.161849856E0,8.006098866E-2,-2.571417987E-1
7.082306375E0,1.282204151E0,1.500307322E-1,-2.775721252E-1
7.092301375E0,1.406001210E0,1.927030981E-1,-3.171783686E-1
7.102296375E0,1.515241027E0,2.189671546E-1,-3.775447309E-1
7.112290375E0,1.596557140E0,2.256911099E-1,-4.505973756E-1
7.122285375E0,1.651109219E0,2.032368779E-1,-5.384514332E-1
7.132280375E0,1.668676257E0,1.658671349E-1,-6.491252184E-1
7.142275375E0,1.666011214E0,1.430083960E-1,-7.791923881E-1
7.152270375E0,1.648477793E0,1.329951733E-1,-9.090278745E-1
7.162264375E0,1.621688247E0,1.367191821E-1,-1.033399820E0
7.172259375E0,1.585445046E0,1.694481075E-1,-1.131557822E0
7.182254375E0,1.522815108E0,2.173074782E-1,-1.210561037E0
7.192249375E0,1.449252248E0,2.744645178E-1,-1.266670346E0
7.202243375E0,1.360214710E0,3.166389465E-1,-1.300070286E0
7.212238375E0,1.267772555E0,3.337995708E-1,-1.303712964E0
7.222233375E0,1.175090432E0,3.071919978E-1,-1.277499914E0
7.232228375E0,1.070660710E0,2.510618865E-1,-1.242315769E0
7.242222375E0,9.760820866E-1,1.464741826E-1,-1.205847740E0
7.252217375E0,8.882097602E-1,1.794151030E-2,-1.172991633E0
7.262212375E0,7.975924611E-1,-1.014137939E-1,-1.125112176E0
7.272207375E0,6.978501678E-1,-1.921804547E-1,-1.060829043E0
7.282202375E0,5.930271149E-1,-2.533764541E-1,-9.872505069E-1
7.292196375E0,5.030948520E-1,-2.756870985E-1,-9.029223323E-1
7.302191375E0,4.320187867E-1,-2.561855018E-1,-7.988438010E-1
7.312186375E0,3.811768889E-1,-2.145280540E-1,-6.921511889E-1
7.322181375E0,3.518283665E-1,-1.611317396E-1,-5.912784934E-1
7.332175375E0,3.255093992E-1,-9.964786470E-2,-4.969644845E-1
7.342170750E0,3.056493700E-1,-2.351746708E-2,-4.124422967E-1
7.352165750E0,2.659972906E-1,5.352805182E-2,-3.432003558E-1
7.362160750E0,2.164233625E-1,1.198911667E-1,-2.886873484E-1
7.372154750E0,1.601076126E-1,1.671489477E-1,-2.400148660E-1
7.382149750E0,1.063107029E-1,2.054510415E-1,-2.023614794E-1
7.392144750E0,7.335328311E-2,2.290935218E-1,-1.794540435E-1
7.402139750E0,4.920080677E-2,2.340059578E-1,-1.761647612E-1
7.412133750E0,3.144311532E-2,2.270737439E-1,-1.912417114E-1
7.422128750E0,9.815594181E-3,1.956634223E-1,-2.137915194E-1
7.432123750E0,-1.326655503E-2,1.539537907E-1,-2.352059931E-1
7.442118750E0,-3.354784474E-2,1.255238652E-1,-2.473788261E-1
7.452112750E0,-4.712650180E-2,1.151037142E-1,-2.600450814E-1
7.462107750E0,-6.359739602E-2,1.257123500E-1,-2.767163515E-1
7.472102750E0,-7.694915682E-2,1.520669907E-1,-2.801289260E-1
7.482097750E0,-8.648028225E-2,1.975746900E-1,-2.836748064E-1
7.492092750E0,-1.038464904E-1,2.346581519E-1,-2.737332284E-1
7.502086750E0,-1.182819605E-1,2.675631940E-1,-2.658684552E-1
7.512081750E0,-1.282512397E-1,3.002519011E-1,-2.616721094E-1
7.522076750E0,-1.252242178E-1,3.303429186E-1,-2.664665580E-1
7.532071750E0,-1.191684529E-1,3.342052996E-1,-2.696274519E-1
7.542065750E0,-1.048579141E-1,3.119950294E-1,-2.598865032E-1
7.552060750E0,-8.863979578E-2,2.680728436E-1,-2.534317970E-1
7.562055750E0,-8.094254136E-2,2.121092379E-1,-2.579787076E-1
7.572050750E0,-6.544666737E-2,2.141649425E-1,-2.429126501E-1
7.582044750E0,-6.002126634E-2,2.705406547E-1,-1.956306547E-1
7.592039750E0,-5.503396317E-2,2.970031500E-1,-1.425890177E-1
7.602034750E0,-5.859382078E-2,2.828084826E-1,-1.254803240E-1
7.612029750E0,-6.604560465E-2,2.577646375E-1,-1.285224408E-1
7.622023750E0,-7.391500473E-2,2.416257858E-1,-1.409481764E-1
7.632018750E0,-9.512788057E-2,2.290029377E-1,-1.471125931E-1
7.642013750E0,-9.178964794E-2,2.057729959E-1,-1.422338486E-1
7.652008750E0,-8.800742030E-2,1.478673518E-1,-1.397595108E-1
7.662003750E0,-8.851236105E-2,7.337363064E-2,-1.579834968E-1
7.671997750E0,-2.328435518E-2,-1.197654679E-1,-2.019528300E-1
7.681992750E0,-4.655218683E-3,-4.419793189E-1,-2.156512290E-1
7.691987750E0,1.841148548E-2,-5.259615779E-1,-1.860901415E-1
7.701982750E0,3.395528533E-3,-4.878386259E-1,-1.768631041E-1
7.711976750E0,-6.860570982E-3,-3.339044452E-1,-1.426063329E-1
7.721971750E0,-8.392470889E-3,-1.210721284E-1,-8.089756966E-2
7.731966750E0,-5.183095112E-3,6.302207708E-2,-3.043093346E-2
7.741961750E0,-9.225968271E-3,1.983851492E-1,-2.633051481E-3
7.751955750E0,-2.121738344E-2,2.990425229E-1,1.124521345E-2
7.761950750E0,-4.006168246E-2,3.276531696E-1,8.423164487E-3
7.771945750E0,-5.973818153E-2,2.726583481E-1,1.526376233E-3
7.781940750E0,-7.315818220E-2,1.594644934E-1,-4.194180481E-3
7.791934750E0,-7.515662163E-2,2.328483015E-2,-4.971823655E-3
7.801929750E0,-7.919732481E-2,-8.725187182E-2,-3.939613234E-3
7.811924750E0,-8.847124875E-2,-1.510044932E-1,-2.488456201E-3
7.821919750E0,-1.067805812E-1,-1.671177596E-1,-2.319360618E-3
7.831914750E0,-1.244423985E-1,-1.534645259E-1,3.065817524E-3
7.841908750E0,-1.261087060E-1,-1.356533617E-1,7.453817874E-3
7.851903750E0,-1.203032732E-1,-9.674138576E-2,8.060486056E-3
7.861898750E0,-1.205554754E-1,-4.504916072E-2,9.926296771E-3
7.871893750E0,-1.172443703E-1,3.229686990E-5,6.860998459E-3
7.881887750E0,-1.150914654E-1,3.120273352E-2,1.105374657E-3
7.891882750E0,-1.124189869E-1,4.650259390E-2,-8.781610988E-3
7.901877750E0,-1.085536256E-1,4.716201872E-2,-1.083422545E-2
7.911872750E0,-1.071365625E-1,3.542173654E-2,-1.457623299E-2
7.921866750E0,-1.035469249E-1,1.983590238E-2,-2.089449763E-2
7.931861750E0,-9.881795198E-2,1.006476395E-2,-2.636888996E-2
7.941856750E0,-8.764093369E-2,1.360989176E-2,-3.133032843E-2
7.951851750E0,-8.100859821E-2,2.261110954E-2,-3.391705826E-2
7.961845750E0,-8.021184057E-2,4.593467712E-2,-3.391396254E-2
7.971840750E0,-8.583750576E-2,6.305746734E-2,-4.193913192E-2
7.981835750E0,-8.790433407E-2,5.619106442E-2,-5.484759435E-2
7.991830750E0,-8.011485636E-2,2.640813589E-2,-5.962477624E-2
8.001825750E0,-6.287727505E-2,-5.240531638E-3,-5.894169956E-2
8.011819750E0,-4.072829708E-2,-2.735435590E-2,-5.542926118E-2
8.021814750E0,-4.274880886E-2,-3.564299643E-2,-6.109467894E-2
8.031809750E0,-6.192649901E-2,-4.324205965E-2,-6.190454215E-2
8.041804750E0,-7.989670336E-2,-5.400868878E-2,-6.441830099E-2
8.051798750E0,-8.687978238E-2,-8.130315691E-2,-4.571811855E-2
8.061793750E0,-8.108771592E-2,-1.188154072E-1,-1.574252173E-2
8.071788750E0,-5.523188412E-2,-1.417936981E-1,1.165888272E-3
8.081783750E0,-3.261872754E-2,-1.341776252E-1,-1.774758566E-3
8.091777750E0,-1.814524457E-2,-9.780523181E-2,-1.109875180E-2
8.101772750E0,-1.957505010E-2,-4.085164517E-2,-1.244616322E-2
8.111767750E0,-3.444108367E-2,1.577674784E-2,2.731989371E-3
8.121762750E0,-4.789428413E-2,4.256323352E-2,1.777479611E-2
8.131756750E0,-6.798144430E-2,5.328538641E-2,2.837790549E-2
8.141751750E0,-7.549023628E-2,2.516289987E-2,2.369368635E-2
8.151746750E0,-8.185651898E-2,-3.041833639E-2,1.891863719E-2
8.161741750E0,-8.001018316E-2,-7.618897408E-2,8.079128340E-3
8.171736750E0,-7.556989044E-2,-9.759599715E-2,-2.847022377E-3
8.181730750E0,-8.149037510E-2,-8.570714295E-2,-8.991984650E-3
8.191725750E0,-8.352715522E-2,-7.695226371E-2,-1.210974716E-2
8.201720750E0,-8.214628696E-2,-6.340275705E-2,-1.450984739E-2
8.211715750E0,-7.909829915E-2,-5.199777335E-2,-1.854826510E-2
8.221709750E0,-7.163667679E-2,-3.627594560E-2,-1.850879006E-2
8.231704750E0,-6.214517355E-2,-3.032617830E-2,-1.382535510E-2
8.241699750E0,-4.812682420E-2,-2.883773670E-2,-7.737103384E-3
8.251694750E0,-3.226929531E-2,-2.634155564E-2,9.562531486E-4
8.261688750E0,-1.769434288E-2,-2.247833833E-2,4.811163526E-3
8.271683750E0,-6.395616103E-3,-2.000772394E-2,8.744119667E-3
8.281678750E0,1.291848137E-3,-2.633576840E-2,1.572510973E-2
8.291673750E0,1.236074418E-2,-2.771874890E-2,1.737786643E-2
8.301667750E0,2.179471031E-2,-2.799476124E-2,2.058915049E-2
8.311662750E0,2.478011325E-2,-3.675389662E-2,2.358174510E-2
8.321657750E0,2.886621654E-2,-5.762897432E-2,2.406293340E-2
8.331652750E0,3.290357068E-2,-7.095250487E-2,2.572101727E-2
8.341646875E0,3.708633780E-2,-7.525160909E-2,2.813755348E-2
8.351640875E0,2.670586668E-2,-7.322361320E-2,2.452337742E-2
8.361635875E0,2.557422966E-2,-5.732706934E-2,2.910764515E-2
8.371630875E0,1.535807922E-2,-3.827188909E-2,2.831189148E-2
8.381625875E0,5.550226662E-3,-2.249959484E-2,3.059278429E-2
8.391619875E0,-6.648382638E-3,9.747557342E-3,4.248193279E-2
8.401614875E0,-1.195283420E-2,2.699813433E-2,4.345442727E-2
8.411609875E0,-1.974737458E-2,3.695676103E-2,4.113401473E-2
8.421604875E0,-2.144430205E-2,3.539320454E-2,3.336307779E-2
8.431598875E0,-1.975159533E-2,2.255650237E-2,2.679891698E-2
8.441593875E0,-2.160516754E-2,1.184295397E-3,2.358557656E-2
8.451588875E0,-2.638234571E-2,-2.423184924E-2,1.837137341E-2
8.461583875E0,-2.339884080E-2,-3.852312267E-2,1.155829709E-2
8.471577875E0,-2.754751220E-2,-4.181585461E-2,5.587756634E-3
8.481572875E0,-2.808285132E-2,-4.049921036E-2,5.328750703E-3
8.491567875E0,-2.780588157E-2,-4.641541839E-2,4.192113411E-3
8.501562875E0,-1.961662993E-2,-4.868661240E-2,3.421038389E-3
8.511557875E0,-1.225458737E-2,-5.121714994E-2,6.357439794E-3
8.521551875E0,-7.411953527E-3,-5.240425095E-2,4.139459226E-3
8.531546875E0,-4.858248401E-3,-5.198879912E-2,4.312298261E-3
8.541541875E0,6.360952742E-3,-5.320331454E-2,8.102223277E-3
8.551536875E0,6.599039305E-3,-5.707129091E-2,7.022311911E-3
8.561530875E0,1.517892350E-2,-5.953618512E-2,8.700695820E-3
8.571525875E0,1.683248021E-2,-5.358109251E-2,9.126001969E-3
8.581520875E0,2.201502584E-2,-4.983780161E-2,8.724842221E-3
8.591515875E0,2.371891588E-2,-3.791669384E-2,9.466532618E-3
8.601509875E0,2.444725670E-2,-2.964167297E-2,1.023893803E-2
8.611504875E0,2.850538120E-2,-1.820659079E-2,8.330782875E-3
8.621499875E0,2.373275906E-2,-8.009167388E-3,6.804184522E-3
8.631494875E0,2.444488741E-2,-2.371255076E-3,6.883813068E-3
8.641488875E0,2.189038321E-2,-2.669529058E-3,4.346087109E-3
8.651483875E0,2.000992559E-2,-1.105422527E-2,4.975530319E-4
8.661478875E0,2.016888931E-2,-2.603255771E-2,-5.665724166E-4
8.671473875E0,2.023120597E-2,-3.571820632E-2,-8.041799068E-3
8.681467875E0,1.455950551E-2,-4.335833341E-2,-8.577182889E-3
8.691462875E0,1.038473472E-2,-4.279214516E-2,-1.244382747E-2
8.701457875E0,6.796118803E-3,-4.161879420E-2,-1.286325976E-2
8.711452875E0,5.403536488E-4,-4.086991027E-2,-1.380468719E-2
8.721447875E0,-4.588894546E-3,-3.770767525E-2,-1.566277444E-2
8.731441875E0,-8.469119668E-3,-3.261624277E-2,-1.542548649E-2
8.741436875E0,-5.855454598E-3,-2.730058692E-2,-1.249877457E-2
8.751431875E0,-8.237652481E-3,-9.926922619E-3,-1.751590520E-2
8.761426875E0,-6.336749066E-3,1.528533641E-3,-1.469705347E-2
8.771420875E0,-4.793447442E-3,1.713146269E-2,-1.394630875E-2
8.781415875E0,-4.124123370E-5,3.182265535E-2,-1.630842686E-2
8.791410875E0,4.269617610E-3,4.428331926E-2,-2.163554728E-2
8.801405875E0,5.704528652E-3,6.018212065E-2,-2.558075637E-2
8.811399875E0,1.030007936E-2,7.946634293E-2,-2.702818438E-2
8.821394875E0,1.146092918E-2,9.263765812E-2,-2.743905224E-2
8.831389875E0,1.636274345E-2,1.020735055E-1,-2.607125230E-2
8.841384875E0,1.254247222E-2,9.811332822E-2,-3.029031865E-2
8.851379875E0,1.642749086E-2,8.315036446E-2,-3.170711547E-2
8.861373875E0,1.713524759E-2,5.144923180E-2,-3.443390504E-2
8.871368875E0,1.890012436E-2,1.428748388E-2,-3.195423260E-2
8.881363875E0,1.706795953E-2,-2.571501397E-2,-3.532736376E-2
8.891358875E0,1.599443890E-2,-5.709184706E-2,-3.960892558E-2
8.901352875E0,8.318115957E-3,-7.042860240E-2,-4.609151930E-2
8.911347875E0,5.966544151E-3,-7.384037226E-2,-4.806599021E-2
8.921342875E0,-6.615593564E-3,-5.207591131E-2,-5.073199049E-2
8.931337875E0,-2.068294212E-2,-1.945378631E-2,-6.105227023E-2
8.941331875E0,-4.070422798E-2,4.078785423E-3,-6.596311927E-2
8.951326875E0,-5.590128899E-2,1.767821610E-2,-7.167826593E-2
8.961321875E0,-7.570568472E-2,2.071089484E-2,-7.461956888E-2
8.971316875E0,-8.989021182E-2,1.483809203E-2,-7.830565423E-2
8.981310875E0,-9.330967814E-2,9.309784509E-4,-8.666139096E-2
8.991305875E0,-1.036041304E-1,-1.578488573E-2,-9.296988696E-2
9.001300875E0,-1.087986827E-1,-2.564000711E-2,-9.381476045E-2
9.011295875E0,-1.255081445E-1,-3.199723735E-2,-8.541382104E-2
9.021290875E0,-1.330906451E-1,-1.786420867E-2,-8.169941604E-2
9.031284875E0,-8.476624638E-2,2.510030381E-2,-7.014316320E-2
9.041279875E0,1.484945230E-2,5.474672467E-2,-4.292537645E-2
9.051274875E0,6.811986119E-2,2.393927611E-2,-9.821872227E-4
9.061269875E0,3.830634058E-3,-1.098173857E-1,4.926337674E-2
9.071263875E0,-8.760447055E-2,-2.850281000E-1,6.851670146E-2
9.081258875E0,-1.146091223E-1,-3.919208050E-1,1.400623471E-1
9.091253875E0,-1.459462792E-1,-4.107924998E-1,3.147489429E-1
9.101248875E0,-1.771335453E-1,-3.879103959E-1,5.110540986E-1
9.111242875E0,-1.988257915E-1,-3.410683274E-1,7.167308331E-1
9.121237875E0,-2.265516073E-1,-3.459671438E-1,8.864442706E-1
9.131232875E0,-2.509482801E-1,-4.379418194E-1,9.845130444E-1
9.141227875E0,-2.890923023E-1,-5.436250567E-1,1.051772714E0
9.151221875E0,-3.312813044E-1,-6.259670854E-1,1.131997228E0
9.161216875E0,-3.765464723E-1,-6.726318002E-1,1.227575183E0
9.171211875E0,-4.241611362E-1,-6.615700722E-1,1.327184319E0
9.181206875E0,-4.655443132E-1,-5.942542553E-1,1.426979303E0
9.191201875E0,-5.134469271E-1,-5.016444325E-1,1.516899824E0
9.201195875E0,-5.584299564E-1,-3.965751231E-1,1.587361693E0
9.211190875E0,-6.129688621E-1,-2.962093651E-1,1.646976829E0
9.221185875E0,-6.707487106E-1,-2.058001012E-1,1.692735910E0
9.231180875E0,-7.359868288E-1,-1.373888254E-1,1.714817524E0
9.241174875E0,-8.034316897E-1,-7.550441474E-2,1.715878844E0
9.251169875E0,-8.688559532E-1,-1.900545880E-2,1.707546830E0
9.261164875E0,-9.170253873E-1,-1.020066068E-2,1.694615960E0
9.271159875E0,-9.403765202E-1,-5.317395926E-2,1.677884936E0
9.281153875E0,-9.529293180E-1,-1.219521388E-1,1.644872189E0
9.291148875E0,-9.560875893E-1,-2.134780586E-1,1.596153378E0
9.301143875E0,-9.606885314E-1,-3.012142479E-1,1.528825045E0
9.311138875E0,-9.641626477E-1,-3.757241666E-1,1.451273441E0
9.321132875E0,-9.701704383E-1,-4.203801751E-1,1.373232245E0
9.331127875E0,-9.871401191E-1,-4.241168499E-1,1.296676159E0
9.341124625E0,-9.951402545E-1,-3.859276772E-1,1.225901961E0
9.351119625E0,-9.867283702E-1,-3.206397593E-1,1.167174220E0
9.361114625E0,-9.741172194E-1,-2.335694432E-1,1.102943778E0
9.371108625E0,-9.651804566E-1,-1.326816976E-1,1.030520916E0
9.381103625E0,-9.551824331E-1,-2.347915433E-2,9.323483706E-1
9.391098625E0,-9.430829287E-1,7.548364252E-2,8.268594742E-1
9.401093625E0,-9.189757109E-1,1.598516405E-1,7.171891332E-1
9.411087625E0,-8.881282806E-1,2.403028011E-1,6.238141656E-1
9.421082625E0,-8.527349234E-1,3.090476990E-1,5.312401056E-1
9.431077625E0,-8.229530454E-1,3.556300998E-1,4.440915585E-1
9.441072625E0,-7.915767431E-1,3.789212406E-1,3.645291328E-1
9.451066625E0,-7.544583678E-1,3.686220050E-1,2.991378605E-1
9.461061625E0,-7.060210705E-1,3.335283399E-1,2.548700571E-1
9.471056625E0,-6.542106271E-1,2.844841182E-1,2.098605186E-1
9.481051625E0,-6.059082150E-1,2.170198858E-1,1.567447633E-1
9.491045625E0,-5.661064982E-1,1.491476297E-1,9.419722855E-2
9.501040625E0,-5.378877521E-1,8.921603858E-2,1.760495827E-2
9.511035625E0,-5.235325098E-1,3.547717631E-2,-5.514887348E-2
9.521030625E0,-5.102390051E-1,4.935795441E-4,-1.335303187E-1
9.531025625E0,-4.938187599E-1,-1.915282570E-2,-2.080660611E-1
9.541019625E0,-4.749242365E-1,-1.922303438E-2,-2.785070240E-1
9.551014625E0,-4.489826560E-1,-1.783366501E-2,-3.456333280E-1
9.561009625E0,-4.213323593E-1,-7.592102978E-3,-4.011422098E-1
9.571004625E0,-3.899789751E-1,2.068513539E-3,-4.493565857E-1
9.580998625E0,-3.536183238E-1,2.146725729E-2,-4.924775958E-1
9.590993625E0,-3.232332468E-1,1.843844540E-2,-5.311557055E-1
9.600988625E0,-2.845020592E-1,1.377568115E-3,-5.624773502E-1
9.610983625E0,-2.489720285E-1,-2.505244128E-2,-5.902267098E-1
9.620977625E0,-2.071332037E-1,-5.400222540E-2,-6.090526581E-1
9.630972625E0,-1.676742136E-1,-7.368031889E-2,-6.250808835E-1
9.640967625E0,-1.336521208E-1,-9.235557169E-2,-6.350164413E-1
9.650962625E0,-9.283731878E-2,-1.023501456E-1,-6.135920882E-1
9.660956625E0,-4.787058011E-2,-8.582986146E-2,-5.587375164E-1
9.670951625E0,-6.870005745E-5,-5.641417950E-2,-4.671559632E-1
9.680946625E0,2.637492493E-2,-1.860186830E-2,-3.713259101E-1
9.690941625E0,2.634190209E-2,1.552760601E-2,-3.029697537E-1
9.700936625E0,2.080120146E-2,2.995984443E-2,-2.636202574E-1
9.710930625E0,2.854503691E-5,4.101356119E-2,-2.314631045E-1
9.720925625E0,-2.332504280E-2,5.810852721E-2,-1.853183508E-1
9.730920625E0,-3.338646516E-2,8.388606459E-2,-1.036125794E-1
9.740915625E0,-5.350768194E-2,1.157805622E-1,-4.793141503E-3
9.750909625E0,-6.820566952E-2,1.375271231E-1,9.706185013E-2
9.760904625E0,-8.248556405E-2,1.319790184E-1,1.853436083E-1
9.770899625E0,-9.964457899E-2,9.054902941E-2,2.446106523E-1
9.780894625E0,-1.195470914E-1,2.016891353E-2,2.706516087E-1
9.790888625E0,-1.421639919E-1,-6.728184223E-2,2.764146924E-1
9.800883625E0,-1.687040180E-1,-1.574833244E-1,2.741284370E-1
9.810878625E0,-1.976003796E-1,-2.263095230E-1,2.557449043E-1
9.820873625E0,-2.223648876E-1,-2.804118395E-1,2.262070924E-1
9.830867625E0,-2.406522781E-1,-3.200434148E-1,1.961855441E-1
9.840862625E0,-2.514082491E-1,-3.327751160E-1,1.656816602E-1
9.850857625E0,-2.544011176E-1,-3.255390525E-1,1.548005193E-1
9.860852625E0,-2.505338788E-1,-3.091354966E-1,1.447240263E-1
9.870847625E0,-2.438991368E-1,-2.933487892E-1,1.180436835E-1
9.880841625E0,-2.530484796E-1,-2.744385898E-1,7.169896364E-2
9.890836625E0,-2.624049783E-1,-2.551157475E-1,3.252520040E-2
9.900831625E0,-2.929335833E-1,-2.364019901E-1,-4.066484980E-4
9.910826625E0,-3.410068452E-1,-2.027388364E-1,-1.911215857E-2
9.920820625E0,-3.821510673E-1,-1.606813967E-1,-1.775740832E-2
9.930815625E0,-3.821769059E-1,-1.314177811E-1,1.056211255E-2
9.940810625E0,-3.413560390E-1,-1.231753901E-1,4.440490901E-2
9.950805625E0,-2.532306910E-1,-1.400662214E-1,6.710036844E-2
9.960799625E0,-1.459087580E-1,-1.572568566E-1,5.202471837E-2
9.970794625E0,-2.399670333E-2,-1.339613795E-1,1.054332126E-2
9.980789625E0,8.299929649E-2,-5.547773838E-2,-4.545108974E-2
9.990784625E0,1.449857056E-1,9.070423990E-2,-8.662755787E-2
1.000077862E1,1.869318187E-1,2.931489646E-1,-9.346390516E-2
1.001077362E1,2.409417927E-1,5.221707225E-1,-4.289047420E-2
1.002076862E1,2.931847572E-1,7.143772244E-1,2.792111598E-2
1.003076362E1,3.378552794E-1,8.280094862E-1,7.801197469E-2
1.004075862E1,3.677838743E-1,8.527874947E-1,9.828300774E-2
1.005075262E1,3.854315579E-1,7.914471626E-1,9.153456241E-2
1.006074762E1,3.881879449E-1,6.639710665E-1,7.215178013E-2
1.007074262E1,3.662126064E-1,5.323661566E-1,4.482029006E-2
1.008073762E1,3.257927001E-1,4.093550742E-1,2.928243391E-2
1.009073162E1,2.660010159E-1,2.855415046E-1,1.168160141E-2
1.010072662E1,2.031358182E-1,1.581538916E-1,-7.117297035E-3
1.011072162E1,1.468919963E-1,2.540942281E-2,-3.949441016E-2
1.012071662E1,9.155818820E-2,-1.054110974E-1,-8.679270744E-2
1.013071062E1,3.123412281E-2,-2.294054776E-1,-1.431452036E-1
1.014070562E1,-3.571056575E-2,-3.323399425E-1,-1.920541227E-1
1.015070062E1,-1.052166745E-1,-4.126132131E-1,-2.297426462E-1
1.016069562E1,-1.571621895E-1,-4.680131674E-1,-2.507104576E-1
1.017068962E1,-2.007687837E-1,-4.872497320E-1,-2.555222511E-1
1.018068462E1,-2.445106804E-1,-4.630433321E-1,-2.638499141E-1
1.019067962E1,-2.924965918E-1,-4.372229278E-1,-3.066051006E-1
1.020067462E1,-2.856746614E-1,-3.375603557E-1,-3.311463594E-1
1.021066962E1,-2.313016951E-1,-1.627331376E-1,-2.922495604E-1
1.022066362E1,-1.429065913E-1,4.886404146E-3,-2.134633660E-1
1.023065862E1,-4.164095968E-2,1.835339218E-1,-1.225459799E-1
1.024065362E1,6.075519696E-2,3.087603450E-1,-4.965955019E-2
1.025064862E1,1.441427618E-1,3.568490446E-1,2.202582546E-3
1.026064262E1,2.136957049E-1,3.418482840E-1,2.451971173E-2
1.027063762E1,2.545789480E-1,2.767164111E-1,3.110837191E-2
1.028063262E1,2.789362371E-1,2.070619613E-1,3.659714386E-2
1.029062762E1,2.853280902E-1,1.633347273E-1,4.975502566E-2
1.030062162E1,2.754161060E-1,1.554155648E-1,7.366289943E-2
1.031061662E1,2.483863533E-1,1.851646751E-1,8.953028172E-2
1.032061162E1,2.114602923E-1,2.182035893E-1,9.696689248E-2
1.033060662E1,1.695229560E-1,2.372968495E-1,9.199503809E-2
1.034059887E1,1.258241683E-1,2.429611087E-1,7.317779213E-2
1.035059387E1,8.739821613E-2,2.209309042E-1,4.407317191E-2
1.036058887E1,4.984638840E-2,1.692037284E-1,1.635779627E-4
1.037058387E1,1.423353516E-2,8.843191713E-2,-3.806796297E-2
1.038057887E1,-1.603091136E-2,-9.023371153E-3,-6.718399376E-2
1.039057287E1,-4.103586450E-2,-1.143236905E-1,-9.642603248E-2
1.040056787E1,-5.245235190E-2,-2.272319347E-1,-1.313737631E-1
1.041056287E1,-5.379378423E-2,-3.219672143E-1,-1.666633040E-1
1.042055787E1,-3.359845281E-2,-3.815207779E-1,-1.939698905E-1
1.043055187E1,-1.107956190E-2,-3.882591128E-1,-2.059551924E-1
1.044054687E1,-5.743283313E-3,-3.666386306E-1,-1.975579709E-1
1.045054187E1,-7.263681851E-3,-3.096411228E-1,-1.802769899E-1
1.046053687E1,-1.366549078E-2,-2.275269479E-1,-1.677809060E-1
1.047053087E1,-2.260252647E-2,-1.417276263E-1,-1.468617767E-1
1.048052587E1,-2.719272859E-2,-5.892207474E-2,-1.177649423E-1
1.049052087E1,-3.231771663E-2,1.095580775E-2,-8.556306362E-2
1.050051587E1,-2.925324440E-2,5.841901898E-2,-5.172353238E-2
1.051050987E1,-2.386993170E-2,7.982044667E-2,-3.765591606E-2
1.052050487E1,-3.008098900E-2,9.446068853E-2,-2.539303340E-2
1.053049987E1,-2.439940162E-2,1.017974317E-1,1.484733075E-2
1.054049487E1,-4.613129422E-3,1.204161867E-1,7.943071425E-2
1.055048987E1,1.383964811E-2,1.281031370E-1,1.323434711E-1
1.056048387E1,2.996051125E-2,1.086817011E-1,1.641508043E-1
1.057047887E1,4.080676660E-2,7.290426642E-2,1.801875681E-1
1.058047387E1,4.064672068E-2,4.588763416E-2,1.930404752E-1
1.059046887E1,3.485674411E-2,3.294973075E-2,2.018305063E-1
1.060046287E1,1.933615096E-2,3.717725724E-2,2.118345499E-1
1.061045787E1,8.376178332E-3,5.294663087E-2,2.157736421E-1
1.062045287E1,-4.865091760E-3,6.617966294E-2,2.152639925E-1
1.063044787E1,-1.819714345E-2,6.115587428E-2,2.023327500E-1
1.064044187E1,-3.286002949E-2,4.915770888E-2,1.840564311E-1
1.065043687E1,-4.389750212E-2,4.113733023E-2,1.725073606E-1
1.066043187E1,-6.375797838E-2,3.014329076E-2,1.683630943E-1
1.067042687E1,-8.270557225E-2,1.290251873E-2,1.703609973E-1
1.068042087E1,-9.744209051E-2,-1.433974504E-2,1.707613170E-1
1.069041587E1,-1.215141416E-1,-5.389034748E-2,1.704744995E-1
1.070041087E1,-1.375870854E-1,-1.194739416E-1,1.690307111E-1
1.071040587E1,-1.594084799E-1,-1.895981580E-1,1.605104506E-1
1.072039987E1,-1.645918638E-1,-2.579527795E-1,1.458639950E-1
1.073039487E1,-1.803228855E-1,-3.303465545E-1,1.240889207E-1
1.074038987E1,-2.098019719E-1,-3.650075495E-1,1.005754322E-1
1.075038487E1,-2.570712268E-1,-3.482072651E-1,9.759481996E-2
1.076037987E1,-3.106303811E-1,-3.001294434E-1,8.961593360E-2
1.077037387E1,-3.592671454E-1,-2.558442950E-1,5.877679586E-2
1.078036887E1,-4.065403938E-1,-2.158689797E-1,1.888336614E-2
1.079036387E1,-4.488614798E-1,-1.853150725E-1,-5.969253369E-3
1.080035887E1,-4.879270792E-1,-1.806784123E-1,-1.785935089E-2
1.081035287E1,-5.034748316E-1,-1.903893650E-1,-2.170069329E-2
1.082034787E1,-4.883256853E-1,-2.077946961E-1,-2.635521628E-2
1.083034287E1,-4.626008868E-1,-2.458131909E-1,-1.680006087E-2
1.084033787E1,-4.241282046E-1,-2.969275713E-1,-8.045895025E-3
1.085033187E1,-3.722855151E-1,-3.568532169E-1,-3.868727479E-3
1.086032687E1,-3.248505890E-1,-4.065034389E-1,-7.850479335E-3
1.087032187E1,-2.806679606E-1,-4.385175705E-1,-1.538402960E-2
1.088031687E1,-2.503550053E-1,-4.387762845E-1,-2.566294558E-2
1.089031087E1,-2.262640297E-1,-4.228574932E-1,-3.558535129E-2
1.090030587E1,-2.033802867E-1,-3.754946887E-1,-4.279215634E-2
1.091030087E1,-1.845072508E-1,-2.956491411E-1,-4.784497246E-2
1.092029587E1,-1.676939577E-1,-1.918725967E-1,-5.458562821E-2
1.093029087E1,-1.525157988E-1,-9.418250620E-2,-6.490857154E-2
1.094028487E1,-1.466980875E-1,-3.536884440E-3,-7.415220141E-2
1.095027987E1,-1.428865790E-1,4.877532274E-2,-7.610403001E-2
1.096027487E1,-1.353948265E-1,7.875939459E-2,-7.080250233E-2
1.097026987E1,-1.151353642E-1,8.162521571E-2,-6.618165225E-2
1.098026387E1,-8.793516457E-2,6.459780037E-2,-6.675398350E-2
1.099025887E1,-6.672814488E-2,6.308930460E-3,-8.412311971E-2
1.100025387E1,-2.778398432E-2,-1.463578828E-2,-8.847540617E-2
1.101024887E1,9.049664252E-3,-2.219597064E-2,-6.794349849E-2
1.102024287E1,3.047799133E-2,-8.110512048E-3,-2.912499756E-2
1.103023787E1,4.933210462E-2,2.150756866E-2,-7.849800400E-3
1.104023287E1,6.238187104E-2,5.134489760E-2,-5.434874445E-3
1.105022787E1,6.855827570E-2,8.610261232E-2,5.631624721E-3
1.106022187E1,6.524155289E-2,1.085090041E-1,5.193046294E-3
1.107021687E1,4.903302714E-2,9.924013913E-2,9.596855380E-4
1.108021187E1,2.574639767E-2,7.393191755E-2,-1.194825582E-2
1.109020687E1,1.037010364E-2,5.880569667E-2,-2.073029615E-2
1.110020187E1,6.073342636E-3,4.987600818E-2,-2.900229581E-2
1.111019587E1,7.544472814E-3,4.221782088E-2,-2.540090494E-2
1.112019087E1,2.920238115E-2,4.014412686E-2,-1.544045843E-2
1.113018587E1,7.087019831E-2,5.117626861E-2,-1.234625466E-3
1.114018087E1,1.139670461E-1,7.278901339E-2,1.279723365E-3
1.115017487E1,1.505346447E-1,9.448658675E-2,-6.408290006E-3
1.116016987E1,1.653958410E-1,1.132603139E-1,-9.058579803E-3
1.117016487E1,1.771414429E-1,1.315575689E-1,1.544143725E-2
1.118015987E1,1.881511956E-1,1.553393900E-1,4.209710658E-2
1.119015387E1,2.014696598E-1,1.811866909E-1,4.998192564E-2
1.120014887E1,2.147676796E-1,2.006020248E-1,5.449263752E-2
1.121014387E1,2.277362198E-1,2.027706355E-1,5.089151114E-2
1.122013887E1,2.388450354E-1,1.950260699E-1,3.812729195E-2
1.123013287E1,2.409497350E-1,1.862373650E-1,2.239973098E-2
1.124012787E1,2.348987460E-1,1.871184558E-1,5.806697998E-3
1.125012287E1,2.207112759E-1,1.816147715E-1,-1.498566568E-2
1.126011787E1,2.042412460E-1,1.652904898E-1,-4.240908101E-2
1.127011287E1,1.934913993E-1,1.407097876E-1,-8.040599525E-2
1.128010687E1,1.887944341E-1,1.154657751E-1,-1.214369312E-1
1.129010187E1,1.989288330E-1,9.458899498E-2,-1.645817310E-1
1.130009687E1,2.129537761E-1,8.414128423E-2,-2.041548193E-1
1.131009187E1,2.343493402E-1,7.667138427E-2,-2.405146807E-1
1.132008587E1,2.479344457E-1,6.347227842E-2,-2.777404785E-1
1.133008087E1,2.547766566E-1,5.438929796E-2,-3.102377057E-1
1.134007587E1,2.598461509E-1,4.765160382E-2,-3.407847881E-1
1.135007087E1,2.646057606E-1,2.034115233E-2,-3.639255166E-1
1.136006487E1,2.695758045E-1,-1.253703795E-2,-3.792138398E-1
1.137005987E1,2.756515443E-1,-4.394849017E-2,-3.892979026E-1
1.138005487E1,2.754973471E-1,-1.074436083E-1,-3.906922936E-1
1.139004987E1,2.571737170E-1,-2.121441811E-1,-3.931442797E-1
1.140004387E1,2.401017100E-1,-3.140937984E-1,-3.922071457E-1
1.141003887E1,2.281025797E-1,-3.718889356E-1,-3.698824048E-1
1.142003387E1,2.155054212E-1,-3.813958168E-1,-3.226673007E-1
1.143002887E1,2.024889588E-1,-3.512006104E-1,-2.615650594E-1
1.144002287E1,1.820016354E-1,-2.808900774E-1,-1.871105880E-1
1.145001787E1,1.503502280E-1,-1.927895099E-1,-1.197677553E-1
1.146001287E1,1.107514799E-1,-1.158759221E-1,-6.246577203E-2
1.147000787E1,7.077237219E-2,-4.871578887E-2,-1.456269622E-2
1.148000287E1,3.739047423E-2,-9.765508585E-3,1.846387424E-2
1.148999687E1,1.174663007E-2,-6.490886211E-3,6.005206332E-2
1.149999187E1,-7.071260363E-3,-1.132501941E-2,1.082323566E-1
1.150998687E1,-2.374424599E-2,-3.208436072E-2,1.533817351E-1
1.151998187E1,-2.708467096E-2,-6.800868362E-2,1.796152592E-1
1.152997587E1,-3.601345047E-2,-1.053621843E-1,1.940434724E-1
1.153997087E1,-4.595929757E-2,-1.525028348E-1,2.037528455E-1
1.154996587E1,-6.221070886E-2,-2.054973394E-1,2.031730711E-1
1.155996087E1,-7.664466649E-2,-2.441609949E-1,1.899611205E-1
1.156995487E1,-8.922597766E-2,-2.626057863E-1,1.715562791E-1
1.157994987E1,-9.523124993E-2,-2.622386813E-1,1.537754387E-1
1.158994487E1,-9.985049814E-2,-2.464200407E-1,1.467335075E-1
1.159993987E1,-9.346888214E-2,-2.084014118E-1,1.433825940E-1
1.160993387E1,-8.703894913E-2,-1.702164710E-1,1.414747089E-1
1.161992887E1,-7.860826701E-2,-1.416295916E-1,1.321935505E-1
1.162992387E1,-6.622137129E-2,-1.217317730E-1,1.188146248E-1
1.163991887E1,-5.596427247E-2,-1.179454625E-1,1.030723229E-1
1.164991387E1,-4.637529701E-2,-1.220097095E-1,9.693267196E-2
1.165990787E1,-3.015733138E-2,-1.592223942E-1,1.063570380E-1
1.166990287E1,-1.486013457E-2,-2.205150425E-1,1.320043504E-1
1.167989787E1,-4.116732627E-3,-3.008789420E-1,1.461967528E-1
1.168989287E1,8.186272345E-3,-3.960062563E-1,1.369835436E-1
1.169988687E1,7.832566276E-3,-4.971749783E-1,1.195314154E-1
1.170988187E1,-3.538865130E-3,-5.672008991E-1,1.053197235E-1
1.171987687E1,-1.616856270E-2,-5.977854729E-1,9.244206548E-2
1.172987187E1,-3.367565200E-2,-5.916095972E-1,8.354151249E-2
1.173986587E1,-4.751451686E-2,-5.257505774E-1,7.952950150E-2
1.174986087E1,-6.629246473E-2,-4.342856109E-1,8.809795976E-2
1.175985587E1,-8.877515048E-2,-3.434484601E-1,1.038670987E-1
1.176985087E1,-1.065709293E-1,-2.667390406E-1,1.247199178E-1
1.177984487E1,-1.201527715E-1,-2.356683910E-1,1.395294666E-1
1.178983987E1,-1.191708595E-1,-2.531626821E-1,1.443958580E-1
1.179983487E1,-1.081065536E-1,-2.976229787E-1,1.485316455E-1
1.180982987E1,-9.183463454E-2,-3.571060002E-1,1.492315233E-1
1.181982387E1,-7.255245745E-2,-4.125268161E-1,1.561818421E-1
1.182981887E1,-6.138528511E-2,-4.615718424E-1,1.626858115E-1
1.183981387E1,-4.279464111E-2,-4.712540209E-1,1.634200066E-1
1.184980887E1,-3.101228550E-2,-4.441323876E-1,1.770292819E-1
1.185980387E1,-2.341804653E-2,-4.064161181E-1,1.947998554E-1
1.186979787E1,-1.448660437E-2,-3.711039424E-1,1.955772340E-1
1.187979287E1,-7.827086374E-3,-3.253001571E-1,1.913608760E-1
1.188978787E1,-9.721127339E-3,-2.737354934E-1,1.889629513E-1
1.189978287E1,-1.837050356E-2,-2.180783451E-1,1.855271161E-1
1.190977687E1,-2.975711413E-2,-1.569305658E-1,1.808990687E-1
1.191977187E1,-4.066488519E-2,-1.013988405E-1,1.862397641E-1
1.192976687E1,-5.165255442E-2,-6.114808843E-2,1.998863220E-1
1.193976187E1,-4.861653224E-2,-4.924205318E-2,2.180407792E-1
1.194975587E1,-3.952450305E-2,-6.443139166E-2,2.247580737E-1
1.195975087E1,-3.301991895E-2,-1.024451181E-1,2.250121981E-1
1.196974587E1,-2.407462522E-2,-1.587760299E-1,2.165910155E-1
1.197974087E1,-2.444541827E-2,-2.210119516E-1,1.996191740E-1
1.198973587E1,-2.469921671E-2,-2.817498446E-1,1.806287020E-1
1.199972987E1,-2.852918208E-2,-3.080056310E-1,1.676467806E-1
1.200972487E1,-1.824485138E-2,-3.009370863E-1,1.518225372E-1
1.201971987E1,-7.424156182E-3,-2.522901297E-1,1.400580108E-1
1.202971487E1,-1.173980813E-2,-1.712392420E-1,1.406031698E-1
1.203970887E1,-1.202610414E-2,-8.374298364E-2,1.314709336E-1
1.204970387E1,-1.768771932E-2,-4.613538273E-3,1.236971617E-1
1.205969887E1,-3.031799942E-2,5.040861666E-2,1.193683818E-1
1.206969387E1,-3.824090213E-2,6.829334050E-2,1.065455303E-1
1.207968787E1,-5.269011483E-2,5.150339007E-2,8.396556228E-2
1.208968287E1,-5.820365995E-2,1.610891707E-2,6.452954561E-2
1.209967787E1,-6.332815439E-2,-3.282216564E-2,4.690380022E-2
1.210967287E1,-5.840557069E-2,-7.282523811E-2,3.282313421E-2
1.211966687E1,-4.790017381E-2,-9.618977457E-2,2.618539706E-2
1.212966187E1,-3.722915426E-2,-8.579971641E-2,2.314939350E-2
1.213965687E1,-3.321310878E-2,-5.525302514E-2,2.405248769E-2
1.214965187E1,-2.396421880E-2,-2.336247265E-2,2.712577581E-2
1.215964687E1,-2.543080412E-2,7.225906476E-3,2.947277576E-2
1.216964087E1,-3.117603995E-2,3.839927167E-2,2.805810422E-2
1.217963587E1,-3.280076385E-2,5.667275563E-2,2.082397044E-2
1.218963087E1,-2.969365381E-2,5.308574438E-2,8.320163004E-3
1.219962587E1,-2.086848207E-2,4.330121726E-2,1.439915039E-3
1.220961987E1,-8.078117855E-3,3.996400908E-2,5.838658195E-3
1.221961487E1,1.248754375E-2,4.506539553E-2,8.415707387E-3
1.222960987E1,2.272526734E-2,5.953008682E-2,1.313722599E-2
1.223960487E1,2.278179862E-2,7.601685822E-2,2.927605808E-2
1.224959887E1,1.167561859E-2,8.622927964E-2,5.057176203E-2
1.225959387E1,-1.890618470E-3,8.163151890E-2,4.684012011E-2
1.226958887E1,-2.017508261E-2,5.527127907E-2,1.263474673E-2
1.227958387E1,-2.131461725E-2,5.518015474E-2,-1.454263367E-2
1.228957787E1,-1.395763457E-2,5.481157452E-2,-2.827202715E-2
1.229957287E1,-2.891955897E-3,4.800252244E-2,-6.377855781E-3
1.230956787E1,8.406238630E-3,3.552188724E-2,3.292081878E-3
1.231956287E1,2.113558166E-2,3.631129116E-2,-2.334288787E-3
1.232955687E1,3.019831888E-2,4.071935639E-2,-1.618431415E-3
1.233955200E1,3.911229596E-2,3.643025830E-2,1.161052752E-2
1.234954700E1,4.242846742E-2,1.614203490E-2,1.892037317E-2
1.235954200E1,4.034980014E-2,-9.931279346E-3,1.967022568E-2
1.236953700E1,3.403517976E-2,-2.500849962E-2,5.879579578E-3
1.237953100E1,2.001598477E-2,-3.182598203E-2,-1.140233688E-2
1.238952600E1,1.189832808E-3,-2.733429708E-2,-2.236657217E-2
1.239952100E1,-2.297717705E-2,-2.066874690E-2,-2.528276108E-2
1.240951600E1,-4.753977805E-2,-1.865459979E-2,-3.189725429E-2
1.241951000E1,-6.085726619E-2,-1.916806586E-2,-4.628050327E-2
1.242950500E1,-6.321842223E-2,-1.319113374E-2,-5.240550637E-2
1.243950000E1,-6.819750369E-2,-5.020772107E-3,-5.880419165E-2
1.244949500E1,-7.252513617E-2,1.288522501E-3,-5.379931629E-2
1.245948900E1,-6.883713603E-2,-9.906778112E-3,-4.868752882E-2
1.246948400E1,-5.444435030E-2,-3.108210489E-2,-4.098060355E-2
1.247947900E1,-3.923558071E-2,-4.552955553E-2,-2.871698327E-2
1.248947400E1,-2.197616734E-2,-6.145765632E-2,-2.399439923E-2
1.249946800E1,-3.799511353E-3,-7.616304606E-2,-2.435405925E-2
1.250946300E1,1.822775975E-2,-6.584063172E-2,-1.582395285E-2
1.251945800E1,2.639541402E-2,-2.111866325E-2,2.442918951E-3
1.252945300E1,3.166075051E-2,2.698415145E-2,1.935479045E-2
1.253944700E1,3.196343780E-2,6.600535661E-2,2.917364426E-2
1.254944200E1,3.134451807E-2,8.971175551E-2,3.404350206E-2
1.255943700E1,2.954911254E-2,9.270499647E-2,3.096834943E-2
1.256943200E1,2.800128423E-2,8.024086803E-2,2.930840105E-2
1.257942700E1,3.433160484E-2,6.483974308E-2,2.316850983E-2
1.258942100E1,4.078817368E-2,4.384843633E-2,2.066513896E-2
1.259941600E1,4.084993154E-2,3.134897724E-2,1.762920991E-2
1.260941100E1,4.435038939E-2,2.843734436E-2,1.768114045E-2
1.261940600E1,4.933691025E-2,3.104468808E-2,2.167370915E-2
1.262940000E1,5.214681104E-2,3.175894544E-2,2.584475093E-2
1.263939500E1,5.382079631E-2,3.421357274E-2,2.873903140E-2
1.264939000E1,4.562784731E-2,4.125017673E-2,2.945701964E-2
1.265938500E1,3.900299594E-2,5.358215794E-2,3.380134329E-2
1.266937900E1,3.038047999E-2,6.750942767E-2,3.853271529E-2
1.267937400E1,2.584569342E-2,7.937783003E-2,3.984952718E-2
1.268936900E1,1.540024299E-2,8.735346049E-2,4.533723742E-2
1.269936400E1,1.212052256E-2,9.450672567E-2,4.962876067E-2
1.270935800E1,2.907582559E-3,9.766843170E-2,5.124476552E-2
1.271935300E1,3.286611056E-3,8.511921018E-2,5.739331245E-2
1.272934800E1,-4.454399459E-3,6.361072510E-2,6.022052467E-2
1.273934300E1,-4.447219893E-3,2.841911279E-2,5.850041658E-2
1.274933700E1,-6.540997420E-3,-3.018971765E-3,5.709879473E-2
1.275933200E1,-9.191657417E-3,-3.671925515E-2,5.199621990E-2
1.276932700E1,-1.099355239E-2,-5.890951306E-2,4.600464180E-2
1.277932200E1,-1.657201536E-2,-6.091660261E-2,4.422336072E-2
1.278931700E1,-2.078167349E-2,-5.198622495E-2,4.230481759E-2
1.279931100E1,-2.679727785E-2,-3.008262068E-2,4.082185030E-2
1.280930600E1,-3.123357147E-2,-6.745339371E-3,3.885031119E-2
1.281930100E1,-3.511427343E-2,9.712291881E-3,4.017242417E-2
1.282929600E1,-3.388096392E-2,1.292166673E-2,4.223104939E-2
1.283929000E1,-3.162928298E-2,2.843056340E-3,4.171978310E-2
1.284928500E1,-2.782522328E-2,-1.742067002E-2,4.073840752E-2
1.285928000E1,-1.998676918E-2,-3.881482035E-2,4.036270827E-2
1.286927500E1,-1.477096882E-2,-5.215113238E-2,3.411226720E-2
1.287926900E1,-4.275435116E-3,-6.306385994E-2,3.570559248E-2
1.288926400E1,-8.519413532E-4,-6.129871681E-2,4.021885246E-2
1.289925900E1,5.014648661E-3,-5.686007440E-2,4.328225553E-2
1.290925400E1,3.851646325E-3,-3.865044564E-2,4.221752286E-2
1.291924800E1,2.111380454E-3,-3.213749081E-2,4.309154674E-2
1.292924300E1,2.641615691E-3,-2.640184201E-2,3.827814758E-2
1.293923800E1,4.384122323E-3,-2.394188009E-2,3.954314813E-2
1.294923300E1,3.621659009E-3,-2.716643550E-2,3.552364185E-2
1.295922800E1,2.467705868E-3,-2.667192183E-2,3.813035786E-2
1.296922200E1,-1.488499111E-4,-2.619841322E-2,3.978551179E-2
1.297921700E1,-8.335988387E-4,-2.416754514E-2,3.923197091E-2
1.298921200E1,1.214904711E-3,-2.320880815E-2,3.842743114E-2
1.299920700E1,1.967547229E-3,-2.303654887E-2,3.330821544E-2
1.300920100E1,5.196097307E-3,-2.373110130E-2,2.785512619E-2
1.301919600E1,3.131337464E-3,-2.062007040E-2,2.359276637E-2
1.302919100E1,7.314897142E-3,-1.913455874E-2,1.831917465E-2
1.303918600E1,5.701570772E-3,-9.925771505E-3,1.161036268E-2
1.304918000E1,5.019268952E-3,6.488887593E-3,3.439518157E-3
1.305917500E1,1.744923880E-3,1.386458427E-2,-9.629828855E-4
1.306917000E1,-3.878340824E-3,2.787094936E-2,-9.339423850E-3
1.307916500E1,-1.318665501E-2,3.818329051E-2,-2.169400640E-2
1.308915900E1,-1.728552580E-2,5.003515631E-2,-2.956258319E-2
1.309915400E1,-2.773655765E-2,6.505199522E-2,-4.105095565E-2
1.310914900E1,-3.382747620E-2,8.166453242E-2,-5.193769187E-2
1.311914400E1,-4.395967722E-2,1.117346361E-1,-6.267783046E-2
1.312913900E1,-5.159522593E-2,1.427207887E-1,-7.446818054E-2
1.313913300E1,-5.833233893E-2,1.733511984E-1,-8.650324494E-2
1.314912800E1,-6.666883081E-2,2.078346014E-1,-8.977147937E-2
1.315912300E1,-7.277968526E-2,2.338808477E-1,-8.945493400E-2
1.316911800E1,-7.697895169E-2,2.560053468E-1,-8.406229317E-2
1.317911200E1,-7.156231999E-2,2.592814565E-1,-7.083551586E-2
1.318910700E1,-6.711510569E-2,2.315710038E-1,-5.778069422E-2
1.319910200E1,-5.399962515E-2,1.812928617E-1,-4.721340910E-2
1.320909700E1,-4.419599846E-2,1.061384603E-1,-4.873167723E-2
1.321909100E1,-2.553842403E-2,3.115076572E-2,-4.825443774E-2
1.322908600E1,-2.168962359E-2,-3.143511713E-2,-4.778891802E-2
1.323908100E1,-1.810928062E-2,-7.126888633E-2,-4.492146149E-2
1.324907600E1,-2.035219409E-2,-7.756007463E-2,-4.232487828E-2
1.325907000E1,-1.840115152E-2,-5.654500052E-2,-3.225576505E-2
1.326906500E1,-2.081077918E-2,-2.064691857E-2,-2.110803500E-2
1.327906000E1,-2.041180991E-2,1.572804898E-2,-1.030020416E-2
1.328905500E1,-2.139185369E-2,3.987066820E-2,-2.427367494E-3
1.329905000E1,-1.888578013E-2,4.694694281E-2,-2.339053433E-3
1.330904400E1,-2.078887448E-2,3.169102222E-2,-3.996071871E-3
1.331903900E1,-2.406055667E-2,1.329237968E-2,-8.407626301E-3
1.332903400E1,-1.958964206E-2,-9.268855676E-3,-1.113097463E-2
1.333902887E1,-1.906637102E-2,-3.493212536E-2,-1.198281907E-2
1.334902287E1,-1.840590686E-2,-4.589449614E-2,-1.444331370E-2
1.335901787E1,-1.204012986E-2,-4.691487551E-2,-8.737815544E-3
1.336901287E1,-9.513323195E-3,-4.257472232E-2,-9.066449478E-3
1.337900787E1,-1.016338356E-2,-3.019704111E-2,-9.704318829E-3
1.338900187E1,-1.074368693E-2,-2.479615062E-2,-5.854453892E-3
1.339899687E1,-1.000595652E-2,-1.462159306E-2,-3.080592025E-3
1.340899187E1,-1.169733051E-2,-3.704231465E-3,-3.034518566E-3
1.341898687E1,-9.474784136E-3,4.552335478E-3,-4.207039252E-3
1.342898087E1,-8.085945621E-3,1.344249956E-2,-3.293574788E-3
1.343897587E1,-6.828102283E-3,2.598647214E-2,-2.637994476E-3
1.344897087E1,-3.114857245E-3,3.808148205E-2,-4.723118618E-4
1.345896587E1,1.890038140E-3,4.324998707E-2,-5.586422049E-4
1.346896087E1,-4.997428972E-3,4.981015623E-2,-1.299001276E-3
1.347895487E1,-1.008169726E-2,5.182918161E-2,-4.105365835E-3
1.348894987E1,-9.711517952E-3,4.367431626E-2,-8.266288787E-3
1.349894487E1,-1.176989637E-2,3.430517018E-2,-7.898713462E-3
1.350893987E1,-1.264873985E-2,2.399607375E-2,-2.221120521E-3
1.351893387E1,-1.788851060E-2,1.635626517E-2,-5.360187963E-3
1.352892887E1,-1.954419725E-2,1.147389039E-2,-5.982035771E-3
1.353892387E1,-2.385235392E-2,1.990361605E-3,-5.779473577E-3
1.354891887E1,-2.467420511E-2,-4.107744433E-3,-6.302518304E-3
1.355891287E1,-2.884897031E-2,-5.933038890E-3,-8.298305795E-3
1.356890787E1,-2.632988803E-2,-1.014163252E-2,-8.980607614E-3
1.357890287E1,-2.585609443E-2,-5.795245059E-3,-1.179934107E-2
1.358889787E1,-2.235270478E-2,-3.332886146E-3,-1.283770800E-2
1.359889187E1,-2.224835381E-2,1.805127133E-3,-7.278240751E-3
1.360888687E1,-1.735452935E-2,5.835022312E-3,-4.724002909E-3
1.361888187E1,-1.320792641E-2,7.517472375E-3,-2.054878976E-3
1.362887687E1,-9.604669176E-3,8.483134210E-3,-1.653661020E-4
1.363887187E1,-3.415022511E-3,4.429333843E-3,8.782520890E-4
1.364886587E1,-1.844290178E-3,-2.876515966E-3,-5.032633897E-3
1.365886087E1,6.357060629E-4,-6.419923156E-4,-7.154536434E-3
1.366885587E1,-3.421353409E-3,4.670214839E-3,-7.147612050E-3
1.367885087E1,-2.769211773E-3,1.209920086E-2,-5.142075010E-3
1.368884487E1,-6.957831327E-3,2.356011420E-2,-8.914176375E-3
1.369883987E1,-8.834760636E-3,3.361531347E-2,-1.123849396E-2
1.370883487E1,-4.116172437E-3,4.038293660E-2,-1.232240070E-2
1.371882987E1,-2.064500935E-3,4.819194600E-2,-1.133429445E-2
1.372882387E1,9.784270078E-4,5.646612123E-2,-1.519108377E-2
1.373881887E1,1.223210711E-3,7.054757327E-2,-1.381939277E-2
1.374881387E1,-2.253279788E-3,8.562585711E-2,-1.590810902E-2
1.375880887E1,6.114434218E-4,1.089612842E-1,-1.768193953E-2
1.376880287E1,5.323907360E-3,1.326224208E-1,-1.874427311E-2
1.377879787E1,5.291149952E-3,1.486240029E-1,-1.940260641E-2
1.378879287E1,6.544966251E-3,1.592521667E-1,-2.499844134E-2
1.379878787E1,1.093307417E-2,1.660696864E-1,-2.706962638E-2
1.380878187E1,1.448040456E-2,1.807186753E-1,-2.420300059E-2
1.381877687E1,1.245775539E-2,1.971534491E-1,-2.713067085E-2
1.382877187E1,1.034506969E-2,2.106111944E-1,-3.959346563E-2
1.383876687E1,4.742039368E-3,2.313758284E-1,-4.811130464E-2
1.384876187E1,-1.790960785E-3,2.579440475E-1,-6.490413845E-2
1.385875587E1,-6.563644856E-3,2.860631049E-1,-7.594098896E-2
1.386875087E1,-4.084775224E-3,3.135754168E-1,-8.328678459E-2
1.387874587E1,-3.217282356E-4,3.476527035E-1,-8.679523319E-2
1.388874087E1,9.677743074E-4,3.754614294E-1,-9.020860493E-2
1.389873487E1,7.148738019E-3,3.923548758E-1,-9.872894734E-2
1.390872987E1,8.860352449E-3,3.993800282E-1,-1.027239561E-1
1.391872487E1,1.488416735E-2,3.802143633E-1,-1.144964844E-1
1.392871987E1,1.966906898E-2,3.441421092E-1,-1.256647110E-1
1.393871387E1,3.072551824E-2,2.945960462E-1,-1.345097870E-1
1.394870887E1,3.327363357E-2,2.386089563E-1,-1.433703899E-1
1.395870387E1,4.171924666E-2,1.869605333E-1,-1.507546306E-1
1.396869887E1,4.101777077E-2,1.455864608E-1,-1.559400707E-1
1.397869287E1,4.174185917E-2,1.248511821E-1,-1.642461270E-1
1.398868787E1,3.781103343E-2,1.188470796E-1,-1.732135266E-1
1.399868287E1,3.434121609E-2,1.271216273E-1,-1.735507250E-1
1.400867787E1,3.480913118E-2,1.425256133E-1,-1.656794846E-1
1.401867287E1,3.898335993E-2,1.554453522E-1,-1.592790931E-1
1.402866687E1,4.588014632E-2,1.644689441E-1,-1.559876800E-1
1.403866187E1,5.563928932E-2,1.733523756E-1,-1.503723860E-1
1.404865687E1,6.241277605E-2,1.767228693E-1,-1.458916068E-1
1.405865187E1,7.662708312E-2,1.740135700E-1,-1.415760964E-1
1.406864587E1,8.565307409E-2,1.667721719E-1,-1.383954734E-1
1.407864087E1,9.590253979E-2,1.663076580E-1,-1.350205392E-1
1.408863587E1,1.003761217E-1,1.759826541E-1,-1.303858459E-1
1.409863087E1,1.054063067E-1,1.974877268E-1,-1.258989722E-1
1.410862487E1,1.053682268E-1,2.249118984E-1,-1.155547202E-1
1.411861987E1,1.065714136E-1,2.550203800E-1,-1.065334678E-1
1.412861487E1,1.084766462E-1,2.811113596E-1,-9.057554603E-2
1.413860987E1,1.068995222E-1,2.936162651E-1,-7.354784012E-2
1.414860487E1,1.084334999E-1,2.963252366E-1,-5.889672786E-2
1.415859887E1,1.147775203E-1,2.945311964E-1,-4.562778771E-2
1.416859387E1,1.204625666E-1,2.905113995E-1,-2.789273113E-2
1.417858887E1,1.259541512E-1,2.843400538E-1,-9.483041242E-3
1.418858387E1,1.377159953E-1,2.741617262E-1,1.651420444E-2
1.419857787E1,1.537682265E-1,2.752016783E-1,4.264371842E-2
1.420857287E1,1.698846221E-1,2.726298571E-1,7.068627328E-2
1.421856787E1,1.773431450E-1,2.805952132E-1,9.066248685E-2
1.422856287E1,1.708676666E-1,2.848592103E-1,9.183507413E-2
1.423855687E1,1.525591612E-1,2.795856595E-1,8.547723293E-2
1.424855187E1,1.233613193E-1,2.711082995E-1,7.954823226E-2
1.425854687E1,9.705173969E-2,2.651868463E-1,7.292933017E-2
1.426854187E1,6.559288502E-2,2.577308118E-1,6.785734743E-2
1.427853587E1,4.670967907E-2,2.470026612E-1,5.442638695E-2
1.428853087E1,3.406046331E-2,2.245476842E-1,3.935049847E-2
1.429852587E1,3.001724742E-2,1.896437407E-1,2.017921582E-2
1.430852087E1,2.613462508E-2,1.576474607E-1,2.545893891E-3
1.431851587E1,1.266972069E-2,1.340150833E-1,-1.064990647E-2
1.432850987E1,-8.602184244E-5,1.127260402E-1,-1.676239446E-2
1.433850487E1,-1.275415719E-2,9.126648307E-2,-2.414358221E-2
1.434850050E1,-2.433917485E-2,7.401612401E-2,-3.004594706E-2
1.435849550E1,-3.784563392E-2,6.744148582E-2,-4.167604074E-2
1.436848950E1,-4.441245645E-2,6.826627254E-2,-5.828591064E-2
1.437848450E1,-5.109646916E-2,6.959591061E-2,-8.441948146E-2
1.438847950E1,-4.293094948E-2,9.470739216E-2,-1.033492312E-1
1.439847450E1,-2.996989526E-2,1.344472468E-1,-8.873482794E-2
1.440846850E1,-8.572843508E-4,1.921353042E-1,-4.925478995E-2
1.441846350E1,3.784192726E-2,2.388808578E-1,-4.594705999E-3
1.442845850E1,7.035673410E-2,2.609611154E-1,2.236900106E-2
1.443845350E1,9.543942660E-2,2.445822954E-1,2.982802503E-2
1.444844750E1,1.238889098E-1,1.804744154E-1,2.502315119E-2
1.445844250E1,1.404092610E-1,9.659928083E-2,5.915591493E-3
1.446843750E1,1.642094105E-1,1.107532531E-2,-5.815100390E-3
1.447843250E1,1.759534329E-1,-4.802783579E-2,-1.351514366E-2
1.448842750E1,1.875357777E-1,-8.430248499E-2,-9.530787356E-3
1.449842150E1,1.850211918E-1,-8.777759224E-2,-1.122979540E-2
1.450841650E1,1.800661236E-1,-6.901695579E-2,-7.802306674E-3
1.451841150E1,1.712076813E-1,-4.284368828E-2,-1.029379666E-2
1.452840650E1,1.560313851E-1,-2.429477125E-2,-1.871551201E-2
1.453840050E1,1.478700638E-1,-1.291289181E-2,-4.339616001E-2
1.454839550E1,1.325262636E-1,-1.211580820E-2,-7.779062539E-2
1.455839050E1,1.275472194E-1,-1.786976308E-2,-1.228364184E-1
1.456838550E1,1.213923991E-1,-2.709867992E-2,-1.714809239E-1
1.457837950E1,1.292213500E-1,-4.443013296E-2,-2.187774926E-1
1.458837450E1,1.425813586E-1,-4.624294862E-2,-2.473430783E-1
1.459836950E1,1.527388990E-1,-4.320202768E-2,-2.507071495E-1
1.460836450E1,1.598857641E-1,-3.521600738E-2,-2.398033589E-1
1.461835850E1,1.640293747E-1,-3.523091972E-2,-2.203247249E-1
1.462835350E1,1.631153822E-1,-5.519025028E-2,-2.007696629E-1
1.463834850E1,1.578167677E-1,-8.571099490E-2,-1.821057647E-1
1.464834350E1,1.510587335E-1,-1.171882302E-1,-1.713870764E-1
1.465833750E1,1.378383040E-1,-1.367857158E-1,-1.607930958E-1
1.466833250E1,1.204009876E-1,-1.285709292E-1,-1.441294253E-1
1.467832750E1,7.776746899E-2,-9.713310003E-2,-1.296731532E-1
1.468832250E1,3.261783347E-2,-4.621239007E-2,-1.397747844E-1
1.469831750E1,-8.419385180E-3,3.647087142E-4,-1.573209167E-1
1.470831150E1,-2.563459054E-2,9.322220832E-2,-1.177591383E-1
1.471830650E1,-4.808879271E-2,2.013277411E-1,-3.120153211E-2
1.472830150E1,-5.745512992E-2,2.784363627E-1,6.064263731E-2
1.473829650E1,-5.639669299E-2,3.118098974E-1,1.088884547E-1
1.474829050E1,-7.096631080E-2,2.735125721E-1,1.131726876E-1
1.475828550E1,-8.908965439E-2,1.838854700E-1,1.012819409E-1
1.476828050E1,-9.873083234E-2,8.364994824E-2,8.517593890E-2
1.477827550E1,-1.026877761E-1,-5.626242608E-3,7.404530048E-2
1.478826950E1,-1.017745733E-1,-5.544573069E-2,7.402879000E-2
1.479826450E1,-9.977503121E-2,-6.051370502E-2,8.356945217E-2
1.480825950E1,-9.691239893E-2,-3.668746725E-2,9.241487831E-2
1.481825450E1,-9.854789078E-2,4.213641398E-3,9.919325262E-2
1.482824850E1,-1.043277457E-1,4.164596647E-2,9.859430790E-2
1.483824350E1,-1.010682136E-1,6.183007732E-2,1.069431007E-1
1.484823850E1,-9.438341856E-2,5.983456597E-2,1.139213815E-1
1.485823350E1,-8.133798093E-2,3.624632210E-2,1.213448197E-1
1.486822850E1,-6.506367028E-2,2.512594219E-3,1.270114928E-1
1.487822250E1,-5.101366714E-2,-3.837889805E-2,1.268001497E-1
1.488821750E1,-3.744166717E-2,-8.768519759E-2,1.222077832E-1
1.489821250E1,-2.975229360E-2,-1.282947510E-1,1.184736937E-1
1.490820750E1,-2.539829165E-2,-1.429762244E-1,1.147700325E-1
1.491820150E1,-3.356416151E-2,-1.390427947E-1,1.038558409E-1
1.492819650E1,-4.717691243E-2,-1.128567308E-1,8.681374043E-2
1.493819150E1,-6.765758991E-2,-8.417782933E-2,6.961424649E-2
1.494818650E1,-8.552233875E-2,-5.597281829E-2,6.273370236E-2
1.495818050E1,-9.703043848E-2,-3.260280564E-2,6.742391735E-2
1.496817550E1,-1.004560590E-1,-2.864934132E-2,6.642336398E-2
1.497817050E1,-9.527136385E-2,-5.032715201E-2,5.869394168E-2
1.498816550E1,-8.070787042E-2,-7.856304944E-2,4.585137963E-2
1.499815950E1,-5.180407688E-2,-1.252649575E-1,2.424016595E-2
1.500815450E1,-3.607198596E-2,-1.349553913E-1,2.429795638E-2
1.501814950E1,-2.918587811E-2,-1.348767430E-1,2.754469216E-2
1.502814450E1,-2.313118055E-2,-1.139988974E-1,1.778740063E-2
1.503813950E1,-3.539583832E-2,-7.302110642E-2,1.127570681E-2
1.504813350E1,-5.125709251E-2,-3.891772777E-2,3.655603388E-3
1.505812850E1,-7.538159192E-2,-2.997875586E-2,-1.310156658E-3
1.506812350E1,-9.701764584E-2,-3.279931098E-2,-1.088688336E-2
1.507811850E1,-1.131907105E-1,-4.174138606E-2,-1.580292918E-2
1.508811250E1,-1.170783937E-1,-6.452445686E-2,-1.911856607E-2
1.509810750E1,-1.179199442E-1,-9.267883003E-2,-1.524181664E-2
1.510810250E1,-1.194470003E-1,-1.164802983E-1,-2.142792102E-3
1.511809750E1,-1.188534051E-1,-1.307368726E-1,2.057562768E-2
1.512809150E1,-1.156379059E-1,-1.555466205E-1,4.627886042E-2
1.513808650E1,-1.042314172E-1,-1.799767166E-1,6.475534290E-2
1.514808150E1,-1.011791676E-1,-1.940517873E-1,8.447178453E-2
1.515807650E1,-9.502719343E-2,-1.988769323E-1,9.896529466E-2
1.516807050E1,-9.883923829E-2,-1.888999194E-1,1.073667705E-1
1.517806550E1,-1.043586805E-1,-1.768869311E-1,1.181710586E-1
1.518806050E1,-1.146432757E-1,-1.422735602E-1,1.281467229E-1
1.519805550E1,-1.162944213E-1,-9.748201072E-2,1.498634368E-1
1.520805050E1,-1.130392328E-1,-5.891757086E-2,1.843862534E-1
1.521804450E1,-1.028467864E-1,-3.139669448E-2,2.282871157E-1
1.522803950E1,-8.421264589E-2,-2.073020302E-2,2.618725002E-1
1.523803450E1,-7.081451267E-2,-2.590450831E-2,2.813979089E-1
1.524802950E1,-5.180700123E-2,-3.405351564E-2,2.883705795E-1
1.525802350E1,-2.115966007E-2,-5.565713346E-2,2.676801085E-1
1.526801850E1,-1.503145974E-2,-4.729694128E-2,2.530500293E-1
1.527801350E1,-1.987305284E-2,-1.749808341E-2,2.513386011E-1
1.528800850E1,-2.436207794E-2,1.247819234E-2,2.351817340E-1
1.529800250E1,-3.799638897E-2,5.120089278E-2,2.134838700E-1
1.530799750E1,-5.263338611E-2,9.020075947E-2,1.940033734E-1
1.531799250E1,-5.624624714E-2,1.047710702E-1,1.758406609E-1
1.532798750E1,-4.315973818E-2,1.056626961E-1,1.484942585E-1
1.533798150E1,-3.130202740E-2,9.169860184E-2,1.114558354E-1
1.534797604E1,-2.608595649E-3,7.662057877E-2,7.989711314E-2
1.535797104E1,1.657521352E-2,4.417046532E-2,4.139527306E-2
1.536796604E1,4.567983747E-2,2.205930278E-2,1.840766519E-2
1.537796104E1,7.039080560E-2,1.124601997E-2,-2.653232776E-3
1.538795504E1,9.259197861E-2,-2.177643357E-3,-2.813915350E-2
1.539795004E1,1.098189503E-1,-1.975155622E-2,-5.219693482E-2
1.540794504E1,1.138267443E-1,-2.536656335E-2,-6.317421794E-2
1.541794004E1,1.080401167E-1,-2.763922885E-2,-6.926377118E-2
1.542793404E1,9.650063515E-2,-2.512041107E-2,-8.061309904E-2
1.543792904E1,8.948296309E-2,-2.450431511E-2,-9.874740988E-2
1.544792404E1,8.691541106E-2,-2.156231925E-2,-1.101888791E-1
1.545791904E1,8.440031856E-2,-2.252025902E-2,-1.219123825E-1
1.546791304E1,9.203640372E-2,-2.253597230E-2,-1.345410794E-1
1.547790804E1,8.557397872E-2,-2.669609338E-2,-1.527278125E-1
1.548790304E1,8.599475771E-2,-4.632412270E-2,-1.668561548E-1
1.549789804E1,8.332787454E-2,-3.768315911E-2,-1.479450762E-1
1.550789204E1,7.661963254E-2,-2.783771977E-2,-1.291026771E-1
1.551788704E1,6.232319027E-2,-4.354920983E-2,-1.304668337E-1
1.552788204E1,4.605047777E-2,-6.082247198E-2,-1.420031190E-1
1.553787704E1,2.895490639E-2,-8.266025782E-2,-1.498356313E-1
1.554787104E1,1.344252564E-2,-9.818861634E-2,-1.568573266E-1
1.555786604E1,6.394220516E-3,-1.002508625E-1,-1.569593698E-1
1.556786104E1,-3.879189957E-3,-8.164095879E-2,-1.487155557E-1
1.557785604E1,-2.561418805E-3,-5.613880605E-2,-1.236915365E-1
1.558785104E1,-2.611486241E-3,-3.436719626E-2,-9.379143268E-2
1.559784504E1,-7.248338312E-3,-2.062516659E-2,-6.517117471E-2
1.560784004E1,3.165686736E-3,-9.212721139E-3,-2.005376481E-2
1.561783504E1,2.572503500E-2,-1.658183336E-2,1.889742166E-2
1.562783004E1,4.293864220E-2,-3.120871261E-2,4.073560610E-2
1.563782404E1,5.741959810E-2,-4.125617817E-2,5.740295723E-2
1.564781904E1,6.470973790E-2,-3.735251725E-2,6.584890932E-2
1.565781404E1,6.164019182E-2,-2.349624783E-2,7.577579468E-2
1.566780904E1,5.004345626E-2,-4.338053986E-4,9.381204844E-2
1.567780304E1,3.798432648E-2,4.683736712E-2,1.104463488E-1
1.568779804E1,2.385545895E-2,9.288688004E-2,1.193154752E-1
1.569779304E1,1.866693236E-2,1.215653270E-1,1.301169544E-1
1.570778804E1,1.952260546E-2,1.332360953E-1,1.434114724E-1
1.571778204E1,2.941813134E-2,1.183659062E-1,1.633331925E-1
1.572777704E1,3.457481042E-2,8.548466116E-2,1.662821174E-1
1.573777204E1,4.117618129E-2,4.784040898E-2,1.658396870E-1
1.574776704E1,3.427140415E-2,1.135163940E-2,1.619592011E-1
1.575776104E1,3.671376407E-2,-1.695098355E-2,1.534374058E-1
1.576775604E1,3.556461260E-2,-2.465257980E-2,1.399820596E-1
1.577775104E1,1.293840632E-2,1.568586193E-2,1.499779373E-1
1.578774604E1,-1.699632406E-2,5.361406878E-2,1.541575044E-1
1.579774104E1,-3.932587430E-2,8.364806324E-2,1.432976872E-1
1.580773504E1,-6.101119518E-2,1.161932275E-1,1.239942908E-1
1.581773004E1,-7.435840368E-2,1.305065155E-1,1.093175560E-1
1.582772504E1,-7.532673329E-2,1.349015534E-1,1.004170030E-1
1.583772004E1,-7.660951465E-2,1.346422434E-1,9.739311039E-2
1.584771404E1,-6.838700175E-2,1.312070340E-1,9.246838838E-2
1.585770904E1,-6.460616738E-2,1.146144122E-1,8.288966119E-2
1.586770404E1,-5.091326311E-2,8.718545735E-2,8.687295020E-2
1.587769904E1,-4.911958426E-2,2.627361938E-2,6.971223652E-2
1.588769304E1,-2.930992469E-2,-3.241126612E-2,4.984265938E-2
1.589768804E1,-2.051674388E-2,-5.703300983E-2,3.648622334E-2
1.590768304E1,-1.162152085E-2,-7.852339000E-2,3.052899987E-2
1.591767804E1,-1.073570829E-2,-7.685436308E-2,3.293851018E-2
1.592767204E1,-2.149008587E-2,-5.083154887E-2,4.572274908E-2
1.593766704E1,-3.074653260E-2,-2.363120764E-2,5.115080625E-2
1.594766204E1,-3.817302734E-2,-4.374156706E-3,4.481834173E-2
1.595765704E1,-3.624486178E-2,7.355990354E-3,3.616615757E-2
1.596765204E1,-3.195291013E-2,8.198348805E-3,2.991784737E-2
1.597764604E1,-2.745899558E-2,1.665695105E-3,2.481072396E-2
1.598764104E1,-2.001013234E-2,-2.702421974E-3,1.761353016E-2
1.599763604E1,-4.499972798E-3,-2.432440594E-2,-2.277386840E-3
1.600763104E1,-3.813940566E-4,-1.668060012E-2,-2.664876636E-3
1.601762504E1,1.938932692E-4,3.272357862E-3,1.532732137E-2
1.602762004E1,-1.228767331E-3,1.396761369E-2,1.144310087E-2
1.603761504E1,-8.057411760E-3,3.168727085E-2,-1.814026851E-3
1.604761004E1,-2.502148226E-2,5.279708281E-2,-1.827262715E-2
1.605760404E1,-3.394037113E-2,6.142731011E-2,-2.612852305E-2
1.606759904E1,-4.295304045E-2,5.979878455E-2,-3.307244927E-2
1.607759404E1,-5.067778006E-2,5.781114846E-2,-4.003560916E-2
1.608758904E1,-4.914220050E-2,5.183794349E-2,-4.651348293E-2
1.609758304E1,-3.764539585E-2,4.217297211E-2,-3.982453793E-2
1.610757804E1,-2.888598852E-2,2.325547114E-2,-3.079269640E-2
1.611757304E1,-6.483739242E-3,6.202490069E-3,-1.659087092E-2
1.612756804E1,4.878637381E-3,9.022510611E-3,-3.226863686E-3
1.613756304E1,2.376732416E-2,8.232025430E-3,-3.824076615E-3
1.614755704E1,2.919218317E-2,1.135324966E-2,4.141704179E-3
1.615755204E1,2.590371110E-2,2.864089236E-2,1.426331419E-2
1.616754704E1,2.809229679E-2,3.724689782E-2,1.321589295E-2
1.617754204E1,2.252602391E-2,4.807238281E-2,3.912406042E-3
1.618753604E1,2.066580579E-2,5.387780815E-2,4.691646900E-3
1.619753104E1,2.348876186E-2,7.335567474E-2,1.771502197E-2
1.620752604E1,3.351929411E-2,8.601074666E-2,2.388743125E-2
1.621752104E1,5.617964640E-2,9.222289920E-2,2.685112879E-2
1.622751504E1,7.290776074E-2,9.354036301E-2,2.335226908E-2
1.623751004E1,7.776161283E-2,8.511237800E-2,2.101859823E-2
1.624750504E1,9.015250206E-2,7.907366008E-2,1.948222145E-2
1.625750004E1,8.642169833E-2,7.138016075E-2,1.214277185E-2
1.626749404E1,8.610398322E-2,7.390110940E-2,3.091752529E-3
1.627748904E1,9.223002940E-2,7.577609271E-2,-1.109457947E-2
1.628748404E1,9.315095097E-2,7.898706943E-2,-2.624956332E-2
1.629747904E1,9.604743868E-2,8.544411510E-2,-3.786689416E-2
1.630747404E1,1.028025523E-1,9.008573741E-2,-4.948865995E-2
1.631746804E1,1.076489612E-1,9.175018966E-2,-6.408543885E-2
1.632746304E1,1.217373535E-1,9.599446505E-2,-7.615541667E-2
1.633745804E1,1.384994686E-1,9.880565107E-2,-8.697187155E-2
1.634745304E1,1.509604007E-1,9.944134951E-2,-9.039004147E-2
1.635744704E1,1.606019288E-1,9.058139473E-2,-1.039841473E-1
1.636744204E1,1.618839800E-1,8.061877638E-2,-1.254305691E-1
1.637743704E1,1.713245362E-1,7.091503590E-2,-1.536095440E-1
1.638743204E1,1.824176759E-1,6.257641315E-2,-1.828057766E-1
1.639742604E1,2.007024139E-1,6.516911089E-2,-2.099820524E-1
1.640742104E1,2.257704884E-1,6.531372666E-2,-2.314527184E-1
1.641741604E1,2.505270541E-1,7.548594475E-2,-2.500873506E-1
1.642741104E1,2.829379737E-1,9.239701927E-2,-2.648844123E-1
1.643740504E1,3.130265772E-1,1.055732593E-1,-2.795462310E-1
1.644740004E1,3.376115561E-1,1.136178747E-1,-2.945608497E-1
1.645739504E1,3.583884537E-1,1.164304018E-1,-3.138226867E-1
1.646739004E1,3.811688423E-1,1.134410053E-1,-3.284892440E-1
1.647738404E1,4.012770653E-1,1.112610772E-1,-3.424876630E-1
1.648737904E1,4.285161495E-1,1.116634831E-1,-3.530383110E-1
1.649737404E1,4.566205442E-1,1.090665087E-1,-3.580665290E-1
1.650736904E1,4.830857217E-1,1.085676923E-1,-3.582662940E-1
1.651736404E1,5.011301041E-1,1.134858578E-1,-3.616050482E-1
1.652735804E1,5.175706148E-1,1.097830087E-1,-3.673686683E-1
1.653735304E1,5.260952115E-1,1.077019498E-1,-3.733074665E-1
1.654734804E1,5.355982184E-1,9.159301966E-2,-3.833006918E-1
1.655734304E1,5.480068922E-1,7.304038852E-2,-4.017762542E-1
1.656733704E1,5.638622642E-1,4.415094852E-2,-4.209454358E-1
1.657733204E1,5.808088183E-1,6.516620517E-3,-4.475231469E-1
1.658732704E1,6.008661389E-1,-3.409951553E-2,-4.689658582E-1
1.659732204E1,6.260343194E-1,-6.831324100E-2,-4.954985380E-1
1.660731604E1,6.469632983E-1,-9.546203166E-2,-5.241845250E-1
1.661731104E1,6.596878171E-1,-9.994206578E-2,-5.501294136E-1
1.662730604E1,6.632514000E-1,-9.237442911E-2,-5.731058717E-1
1.663730104E1,6.653452516E-1,-6.807452440E-2,-5.874480009E-1
1.664729604E1,6.764389277E-1,-4.164531827E-2,-6.030674577E-1
1.665729004E1,6.896127462E-1,-1.249965467E-2,-6.140842438E-1
1.666728504E1,7.108189464E-1,2.753697708E-2,-6.188163757E-1
1.667728004E1,7.346643209E-1,6.446065009E-2,-6.242704391E-1
1.668727504E1,7.531684637E-1,9.825962782E-2,-6.342328191E-1
1.669726904E1,7.602328658E-1,1.132559031E-1,-6.435937881E-1
1.670726404E1,7.566548586E-1,1.115991473E-1,-6.486484408E-1
1.671725904E1,7.482347488E-1,1.002304628E-1,-6.512428522E-1
1.672725404E1,7.407521009E-1,9.015119821E-2,-6.458755136E-1
1.673724804E1,7.324256897E-1,8.184604347E-2,-6.474130154E-1
1.674724304E1,7.251534462E-1,8.990290761E-2,-6.474393606E-1
1.675723804E1,7.119359374E-1,1.059129834E-1,-6.475355625E-1
1.676723304E1,7.004356384E-1,1.296779662E-1,-6.420902014E-1
1.677722704E1,6.890098453E-1,1.605180204E-1,-6.367358565E-1
1.678722204E1,6.750887036E-1,1.923081726E-1,-6.337848306E-1
1.679721704E1,6.522728205E-1,2.166498154E-1,-6.212444901E-1
1.680721204E1,6.240960360E-1,2.295381874E-1,-6.068290472E-1
1.681720604E1,5.955317616E-1,2.363287956E-1,-5.944219828E-1
1.682720104E1,5.720930099E-1,2.393434942E-1,-5.773295164E-1
1.683719604E1,5.504440069E-1,2.332173735E-1,-5.639357567E-1
1.684719104E1,5.291392207E-1,2.183979452E-1,-5.590544343E-1
1.685718504E1,5.139666796E-1,1.897396147E-1,-5.518041253E-1
1.686718004E1,5.029819012E-1,1.552809775E-1,-5.427024961E-1
1.687717504E1,4.983727336E-1,1.246141344E-1,-5.262551308E-1
1.688717004E1,4.912889898E-1,1.009671316E-1,-5.078969002E-1
1.689716504E1,4.793833196E-1,7.858372480E-2,-4.910140038E-1
1.690715904E1,4.541994035E-1,5.881880969E-2,-4.742701650E-1
1.691715404E1,4.332284033E-1,5.380743742E-2,-4.698327184E-1
1.692714904E1,4.040321708E-1,5.400823802E-2,-4.618948996E-1
1.693714404E1,3.765680194E-1,6.559096277E-2,-4.434440732E-1
1.694713804E1,3.489424884E-1,7.739595324E-2,-4.248126149E-1
1.695713304E1,3.186658621E-1,9.259760380E-2,-4.090289772E-1
1.696712804E1,2.933000326E-1,9.796334058E-2,-4.000447989E-1
1.697712304E1,2.670312226E-1,9.423357248E-2,-4.016143084E-1
1.698711704E1,2.304694653E-1,8.115825057E-2,-4.056812227E-1
1.699711204E1,1.940229535E-1,7.722999901E-2,-4.095691741E-1
1.700710704E1,1.506866515E-1,7.331648469E-2,-4.031299055E-1
1.701710204E1,1.035082191E-1,7.388929278E-2,-4.038854539E-1
1.702709604E1,6.055462733E-2,6.393492967E-2,-3.999479711E-1
1.703709104E1,2.027674578E-2,5.504525453E-2,-3.996649683E-1
1.704708604E1,-1.199384127E-2,3.803990409E-2,-3.848918676E-1
1.705708104E1,-3.982308507E-2,7.065669168E-3,-3.750708997E-1
1.706707604E1,-5.869131535E-2,-2.214787714E-2,-3.665482700E-1
1.707707004E1,-7.984235138E-2,-4.028680176E-2,-3.497587740E-1
1.708706504E1,-9.848207980E-2,-4.858707637E-2,-3.356208503E-1
1.709706004E1,-1.194915399E-1,-5.850371718E-2,-3.216870427E-1
1.710705504E1,-3.378543258E-2,-2.779881358E-1,-1.369294524E-1
1.711704904E1,-1.192163117E-2,-5.639479756E-1,1.544531435E-2
1.712704404E1,2.552401088E-2,-4.527910650E-1,-1.139379740E-1
1.713703904E1,4.583697766E-2,-3.640975952E-1,-2.068537176E-1
1.714703404E1,3.987016529E-2,-2.282103598E-1,-1.825313419E-1
1.715702804E1,3.287962824E-2,-6.453863531E-2,-6.319827586E-2
1.716702304E1,2.050125599E-2,2.796280570E-2,-1.973308995E-2
1.717701804E1,1.419800054E-2,9.444963187E-2,-2.772659436E-2
1.718701304E1,4.903834779E-3,1.125753745E-1,-3.702049330E-2
1.719700704E1,-2.580953063E-3,7.643300295E-2,-6.371024251E-2
1.720700204E1,-3.852346214E-3,5.059394985E-2,-8.906033635E-2
1.721699704E1,-3.055174369E-3,3.364484012E-2,-1.025995538E-1
1.722699204E1,-1.467664028E-3,2.857338265E-2,-9.732969105E-2
1.723698704E1,4.995300435E-3,2.566231601E-2,-1.082012653E-1
1.724698104E1,1.395204477E-2,4.135952145E-2,-1.322261691E-1
1.725697604E1,1.326911710E-2,5.922898650E-2,-1.486863792E-1
1.726697104E1,5.593620241E-3,6.352785975E-2,-1.525705904E-1
1.727696604E1,-4.513885826E-3,6.511529535E-2,-1.453965455E-1
1.728696004E1,-7.358674426E-3,6.067740172E-2,-1.546563506E-1
1.729695504E1,-9.515525773E-3,7.431227714E-2,-1.499791592E-1
1.730695004E1,-9.631107561E-3,9.619973600E-2,-1.363299340E-1
1.731694504E1,-5.917545874E-3,1.290046126E-1,-1.142894849E-1
1.732693904E1,2.587791998E-3,1.723614037E-1,-8.161436021E-2
1.733693404E1,6.093527656E-3,2.205717564E-1,-5.967856944E-2
1.734692892E1,2.321692649E-3,2.526090443E-1,-5.315595493E-2
1.735692392E1,-3.054447006E-3,2.605520785E-1,-5.078995973E-2
1.736691792E1,-1.221252512E-2,2.665188909E-1,-4.738483950E-2
1.737691292E1,-2.693445794E-2,2.377329320E-1,-3.594023362E-2
1.738690792E1,-3.452313319E-2,1.985738128E-1,-2.648441121E-2
1.739690292E1,-4.908498377E-2,1.605282128E-1,-1.768812351E-2
1.740689792E1,-6.113845110E-2,1.183096543E-1,-1.614215784E-2
1.741689192E1,-7.417700440E-2,7.651518285E-2,-1.794436201E-2
1.742688692E1,-9.093441814E-2,5.101647973E-2,-2.407922037E-2
1.743688192E1,-1.050388217E-1,4.210449010E-2,-3.608092293E-2
1.744687692E1,-1.120210961E-1,3.953054547E-2,-4.272177815E-2
1.745687092E1,-1.089071631E-1,3.729733080E-2,-4.064582661E-2
1.746686592E1,-9.109674394E-2,4.319569841E-2,-4.486081004E-2
1.747686092E1,-7.524256408E-2,6.272804737E-2,-6.051144749E-2
1.748685592E1,-5.108902976E-2,9.366279095E-2,-7.637323439E-2
1.749684992E1,-2.893611602E-2,1.354953200E-1,-9.082683921E-2
1.750684492E1,-3.321555257E-2,1.788191050E-1,-1.021516696E-1
1.751683992E1,-4.532115906E-2,2.107305229E-1,-1.159962565E-1
1.752683492E1,-5.399427563E-2,2.416663468E-1,-1.185014918E-1
1.753682892E1,-5.481158942E-2,2.483527958E-1,-1.150311604E-1
1.754682392E1,-5.587019771E-2,2.318896651E-1,-1.112185791E-1
1.755681892E1,-4.590999708E-2,1.956199408E-1,-1.014452502E-1
1.756681392E1,-3.999511525E-2,1.536631733E-1,-9.743506461E-2
1.757680892E1,-3.376075253E-2,1.230433583E-1,-9.427920729E-2
1.758680292E1,-3.204807267E-2,9.417549521E-2,-8.089655638E-2
1.759679792E1,-3.041228652E-2,6.697633862E-2,-6.309540570E-2
1.760679292E1,-2.590701543E-2,3.232807666E-2,-5.440684408E-2
1.761678792E1,-2.020527236E-2,4.043926019E-3,-5.636828393E-2
1.762678192E1,-1.452874579E-2,-1.997485571E-2,-4.877640679E-2
1.763677692E1,-1.071768720E-2,-3.878904879E-2,-3.405546769E-2
1.764677192E1,-3.346323967E-3,-4.749519005E-2,-2.136443928E-2
1.765676692E1,1.846590079E-3,-4.195224494E-2,-1.420537475E-2
1.766676092E1,2.898006001E-3,-1.871323213E-2,-1.471244078E-2
1.767675592E1,1.201506611E-2,1.576023176E-3,-5.363398697E-3
1.768675092E1,2.571569756E-2,7.861882448E-3,3.752868390E-3
1.769674592E1,4.388939589E-2,7.599705365E-3,1.267386600E-2
1.770673992E1,5.175530910E-2,1.747577079E-2,8.644502610E-3
1.771673492E1,6.450995803E-2,2.318247966E-2,2.088140696E-3
1.772672992E1,7.084881514E-2,2.380059846E-2,5.456506740E-3
1.773672492E1,7.854619622E-2,2.719775215E-2,1.364960335E-2
1.774671892E1,8.181176335E-2,2.281871438E-2,1.712449640E-2
1.775671392E1,8.206340671E-2,1.472491957E-2,2.327940241E-2
1.776670892E1,8.194968849E-2,2.884239890E-3,2.626587078E-2
1.777670392E1,8.230550587E-2,-8.430587128E-3,2.782029845E-2
1.778669892E1,7.813073695E-2,-1.269643940E-2,3.305473924E-2
1.779669292E1,7.833122462E-2,-1.521128509E-2,3.434782475E-2
1.780668792E1,7.926493138E-2,-1.113771461E-2,4.452189803E-2
1.781668292E1,7.846729457E-2,-2.625596710E-3,4.503461719E-2
1.782667792E1,7.160885632E-2,9.296576492E-3,5.341079086E-2
1.783667192E1,6.931304187E-2,1.821185648E-2,5.229627341E-2
1.784666692E1,6.624002010E-2,2.073493600E-2,5.312904343E-2
1.785666192E1,6.769064069E-2,2.425513789E-2,5.035294965E-2
1.786665692E1,6.737931818E-2,2.784827352E-2,4.677712545E-2
1.787665092E1,6.993166357E-2,3.079324588E-2,4.285117611E-2
1.788664592E1,6.563198566E-2,3.075702861E-2,3.816481307E-2
1.789664092E1,6.146202609E-2,3.561846912E-2,3.243258223E-2
1.790663592E1,5.659296736E-2,4.015596583E-2,3.076597676E-2
1.791662992E1,5.333564058E-2,3.561223671E-2,2.863788977E-2
1.792662492E1,5.067860708E-2,3.285560012E-2,2.357708476E-2
1.793661992E1,5.036273599E-2,3.339664638E-2,2.029318362E-2
1.794661492E1,5.083358288E-2,4.379735515E-2,1.556048077E-2
1.795660892E1,5.308049917E-2,5.709322542E-2,9.892193601E-3
1.796660392E1,5.352018774E-2,5.817526579E-2,6.305182353E-3
1.797659892E1,5.648347735E-2,5.962345377E-2,4.490418360E-5
1.798659392E1,5.531968176E-2,5.118922517E-2,6.313319318E-4
1.799658892E1,6.129124761E-2,4.364237189E-2,4.900232889E-4
1.800658292E1,6.376266479E-2,4.240133986E-2,1.548896544E-3
1.801657792E1,6.290408224E-2,4.466547072E-2,2.767217113E-3
1.802657292E1,6.257864833E-2,5.094573647E-2,3.181871260E-3
1.803656792E1,6.790237129E-2,5.592681840E-2,8.241434582E-3
1.804656192E1,6.016135961E-2,6.215195358E-2,8.678991348E-3
1.805655692E1,5.403288454E-2,5.157380551E-2,1.899944618E-3
1.806655192E1,5.217026919E-2,3.580868989E-2,8.437349461E-4
1.807654692E1,2.733838372E-2,5.846501514E-2,6.040730514E-3
1.808654092E1,2.569228411E-2,7.478406280E-2,8.539840579E-3
1.809653592E1,1.571075618E-2,8.914250135E-2,1.359585207E-2
1.810653092E1,6.247214042E-3,1.049765870E-1,1.522251032E-2
1.811652592E1,6.537809037E-3,1.239945143E-1,1.473157108E-2
1.812651992E1,3.394213971E-3,1.298025995E-1,6.848082412E-3
1.813651492E1,-2.486068057E-3,1.247831956E-1,1.410232857E-3
1.814650992E1,-1.148994919E-2,1.112700552E-1,-2.470525447E-3
1.815650492E1,-2.078090794E-2,8.962900937E-2,-7.751863450E-4
1.816649892E1,-2.978505567E-2,6.695139408E-2,-4.402145278E-3
1.817649392E1,-3.786006942E-2,4.537604004E-2,-9.363230318E-3
1.818648892E1,-4.413128272E-2,2.105685137E-2,-1.614470221E-2
1.819648392E1,-3.165014461E-2,2.442970872E-4,-1.561810635E-2
1.820647892E1,-2.891374566E-2,-8.212570101E-3,-1.948208734E-2
1.821647292E1,-1.764432527E-2,-9.509336203E-3,-2.407387830E-2
1.822646792E1,-9.019677527E-3,-1.441555331E-3,-2.004744671E-2
1.823646292E1,-1.746763475E-3,4.802005831E-3,-1.452162489E-2
1.824645792E1,9.705628268E-3,3.738338593E-3,-1.246886142E-2
1.825645192E1,2.010816894E-2,-1.023681555E-2,-8.875368163E-3
1.826644692E1,3.141301870E-2,-2.062074654E-2,-5.640427116E-3
1.827644192E1,3.875965998E-2,-7.626362145E-3,-2.813066822E-3
1.828643692E1,5.003654957E-2,3.795403056E-3,1.542799175E-3
1.829643092E1,5.337102339E-2,5.291628651E-3,7.908479311E-3
1.830642592E1,5.039281026E-2,4.088945687E-3,1.302494481E-2
1.831642092E1,4.616419971E-2,4.304759204E-5,1.608636975E-2
1.832641592E1,4.215987027E-2,-2.033572830E-2,1.859799586E-2
1.833640992E1,4.514567927E-2,-4.097911343E-2,1.905915141E-2
1.834640500E1,5.044164136E-2,-5.764464289E-2,1.225504093E-2
1.835640000E1,5.313301086E-2,-6.320090592E-2,8.227585815E-3
1.836639500E1,5.763508752E-2,-4.853887111E-2,1.585396007E-3
1.837639000E1,5.187083408E-2,-2.766144089E-2,3.074651118E-3
1.838638400E1,3.893346712E-2,-1.329342090E-2,2.628837945E-3
1.839637900E1,2.158253267E-2,9.773630649E-3,1.573906094E-2
1.840637400E1,1.120339613E-2,1.084155776E-2,1.061034575E-2
1.841636900E1,2.067355206E-3,-1.152862981E-2,-1.029089093E-3
1.842636300E1,1.689719036E-3,-3.012415208E-2,-2.002381906E-2
1.843635800E1,-1.723121968E-3,-4.588260874E-2,-2.262200043E-2
1.844635300E1,-5.830515176E-3,-4.208760336E-2,-2.241640165E-2
1.845634800E1,-7.636170834E-3,-3.166687116E-2,-1.932012103E-2
1.846634200E1,-1.207912248E-2,-1.748181134E-2,-1.842449978E-2
1.847633700E1,-1.515019126E-2,-7.507693954E-3,-1.216471195E-2
1.848633200E1,-1.113414485E-2,-2.985113766E-3,-1.223315671E-2
1.849632700E1,-1.492679212E-2,9.992546402E-4,-1.057576574E-2
1.850632100E1,-1.312436443E-2,-3.600024618E-3,-1.132038608E-2
1.851631600E1,-9.176960215E-3,-8.306728676E-3,-7.118894253E-3
1.852631100E1,-5.061577540E-3,-1.153075136E-2,-9.575126693E-3
1.853630600E1,-2.098095138E-3,-2.028069226E-3,-8.733081631E-3
1.854630100E1,4.215993453E-3,1.789572183E-3,-5.269374698E-3
1.855629500E1,2.879147418E-3,2.554297447E-3,3.539943136E-4
1.856629000E1,8.282168768E-3,1.114859246E-3,-4.664998967E-3
1.857628500E1,1.155593712E-2,4.124878906E-4,-5.357273389E-3
1.858628000E1,1.255781762E-2,-5.157779902E-3,-4.196667578E-3
1.859627400E1,1.831238717E-2,-2.347007394E-3,4.891399294E-5
1.860626900E1,1.701835729E-2,-4.398440477E-3,3.712092061E-3
1.861626400E1,1.740209386E-2,3.862504382E-3,2.711084438E-3
1.862625900E1,1.490963995E-2,1.094598137E-2,5.251207389E-3
1.863625300E1,1.499859523E-2,1.651415229E-2,7.650434505E-3
1.864624800E1,1.257032435E-2,1.513543446E-2,1.061932649E-2
1.865624300E1,1.202789880E-2,1.423035748E-2,6.246785168E-3
1.866623800E1,1.162522938E-2,8.225463331E-3,7.749340497E-3
1.867623200E1,6.266057491E-3,2.965903375E-3,6.044638343E-3
1.868622700E1,5.258850288E-3,-1.690100878E-3,5.337569397E-3
1.869622200E1,4.370739684E-3,-1.320891315E-3,3.969353624E-3
1.870621700E1,2.620146552E-4,-3.693501465E-3,-1.801177859E-4
1.871621100E1,2.633320866E-3,-7.850248367E-3,2.622785280E-3
1.872620600E1,2.043963177E-3,-1.116445754E-3,6.339759100E-3
1.873620100E1,1.765685389E-3,1.657114364E-3,5.956737790E-3
1.874619600E1,3.097798442E-3,2.209986560E-3,5.928242113E-3
1.875619100E1,5.953717045E-3,5.236041732E-3,1.209946629E-2
1.876618500E1,2.060708124E-3,3.232012969E-3,8.465848863E-3
1.877618000E1,6.208304316E-3,2.406360582E-3,1.172771864E-2
1.878617500E1,8.252813481E-3,2.816906199E-4,1.090746559E-2
1.879617000E1,8.454403840E-3,-5.072933156E-3,6.208880339E-3
1.880616400E1,8.595018648E-3,-1.159208547E-2,6.677596364E-3
1.881615900E1,1.004437171E-2,-1.262126490E-2,7.577847224E-3
1.882615400E1,1.196823921E-2,-9.744519368E-3,8.007149212E-3
1.883614900E1,8.956724778E-3,-9.794924408E-3,8.340073749E-3
1.884614300E1,8.048852906E-3,-9.866297245E-3,1.225864887E-2
1.885613800E1,9.330865927E-3,-6.696287543E-3,1.189814694E-2
1.886613300E1,5.571814254E-3,-1.931626350E-3,1.452881657E-2
1.887612800E1,6.089266390E-3,-4.214221612E-3,1.816296577E-2
1.888612200E1,3.230895847E-3,-1.099383086E-2,2.007831261E-2
1.889611700E1,3.916664980E-3,-1.105291676E-2,1.742552221E-2
1.890611200E1,2.351258881E-3,-9.672600776E-3,1.231065486E-2
1.891610700E1,-1.479653991E-3,-5.003789905E-3,1.570100710E-2
1.892610100E1,1.916142646E-3,-2.026641974E-3,1.710262895E-2
1.893609600E1,1.339003211E-4,-2.432603389E-3,1.810865290E-2
1.894609100E1,1.498237718E-3,-3.637151094E-3,1.216101460E-2
1.895608600E1,1.676497748E-3,-4.700735677E-3,1.135808788E-2
1.896608100E1,-1.184802502E-3,-6.095433142E-3,1.105129253E-2
1.897607500E1,-1.990176272E-3,-5.041304044E-3,5.213730503E-3
1.898607000E1,-7.558846381E-3,1.664535608E-3,5.548489746E-3
1.899606500E1,-7.922678255E-3,2.017987333E-2,1.595678274E-3
1.900606000E1,-8.283536881E-3,3.686803952E-2,4.351783544E-3
1.901605400E1,-9.346625768E-3,4.958811775E-2,1.028678566E-2
1.902604900E1,-1.066515688E-2,4.480960965E-2,1.592949219E-2
1.903604400E1,-1.481327973E-2,2.995007858E-2,1.388467290E-2
1.904603900E1,-1.495016646E-2,1.847451739E-2,1.287506893E-2
1.905603300E1,-1.223111246E-2,1.044673286E-2,1.025380753E-2
1.906602800E1,-1.179888099E-2,3.772585653E-3,7.842847146E-3
1.907602300E1,-6.758022122E-3,5.024984479E-3,9.209507145E-3
1.908601800E1,-6.508614169E-4,1.211804803E-2,1.064814720E-2
1.909601200E1,2.700899728E-3,1.616703533E-2,1.395338215E-2
1.910600700E1,3.585069207E-3,2.109601349E-2,1.407642104E-2
1.911600200E1,5.603234284E-3,2.557506226E-2,1.212452911E-2
1.912599700E1,7.843485102E-3,2.855300903E-2,1.459088270E-2
1.913599200E1,1.060278714E-2,4.114523530E-2,1.816165075E-2
1.914598600E1,7.246404421E-3,5.140532926E-2,1.608518139E-2
1.915598100E1,5.001354497E-3,6.343106180E-2,1.148298942E-2
1.916597600E1,-5.625216872E-4,7.294893265E-2,6.028036587E-3
1.917597100E1,3.848084016E-4,8.272328973E-2,1.329035778E-2
1.918596500E1,-7.610267028E-3,8.259279281E-2,1.244826615E-2
1.919596000E1,-7.888567634E-3,7.688377798E-2,1.491728239E-2
1.920595500E1,-1.030884869E-2,6.817470491E-2,1.351885684E-2
1.921595000E1,-1.418242697E-2,6.285230815E-2,1.147304662E-2
1.922594400E1,-1.911966130E-2,4.983051866E-2,8.748100139E-3
1.923593900E1,-2.230912261E-2,3.849330917E-2,4.326351918E-3
1.924593400E1,-2.243242785E-2,2.275615558E-2,2.625124762E-3
1.925592900E1,-2.916185372E-2,1.526917145E-2,-3.586478066E-3
1.926592300E1,-3.112939745E-2,9.187576361E-3,-6.050967146E-3
1.927591800E1,-3.251082078E-2,7.362526841E-3,-5.128079094E-3
1.928591300E1,-3.407569230E-2,6.194730289E-3,-4.767220467E-3
1.929590800E1,-3.400191665E-2,1.081615034E-2,-3.307557199E-3
1.930590300E1,-3.324105218E-2,1.202735491E-2,5.148816854E-6
1.931589700E1,-3.015793115E-2,1.734421216E-2,-2.476324793E-3
1.932589200E1,-2.912142873E-2,2.777448110E-2,-2.829459962E-3
1.933588700E1,-2.944818325E-2,3.427696601E-2,-2.639886923E-3
1.934588212E1,-3.282933310E-2,3.112325072E-2,-3.462271765E-3
1.935587612E1,-3.267486393E-2,1.962641999E-2,7.439097390E-4
1.936587112E1,-3.494627401E-2,1.180300489E-3,-1.264113467E-3
1.937586612E1,-3.508529812E-2,-1.653295383E-2,3.170203418E-4
1.938586112E1,-3.245409578E-2,-2.795951068E-2,4.283403978E-4
1.939585512E1,-2.470617369E-2,-1.938850246E-2,3.117644927E-3
1.940585012E1,-1.778248884E-2,1.322368626E-3,5.916094407E-3
1.941584512E1,-1.495368965E-2,2.504120767E-2,1.028504036E-2
1.942584012E1,-1.106893644E-2,5.350640416E-2,1.523265988E-2
1.943583412E1,-8.311999030E-3,6.887226552E-2,2.128380537E-2
1.944582912E1,-8.161264472E-3,7.700981945E-2,1.802649349E-2
1.945582412E1,-1.405300293E-2,7.810019702E-2,8.834933862E-3
1.946581912E1,-2.220254205E-2,5.754672363E-2,5.077612586E-4
1.947581312E1,-2.828759886E-2,2.781386301E-2,-2.472848631E-3
1.948580812E1,-2.634109557E-2,-6.348636933E-3,-6.820192561E-3
1.949580312E1,-2.825674042E-2,-2.859796770E-2,-1.166838780E-2
1.950579812E1,-2.674166858E-2,-3.426810354E-2,-9.574078023E-3
1.951579312E1,-3.100396879E-2,-2.636672370E-2,-1.025501825E-2
1.952578712E1,-3.087214194E-2,-1.712422445E-2,-7.043778431E-3
1.953578212E1,-3.498941287E-2,-6.225648336E-3,-5.574188195E-3
1.954577712E1,-3.515639156E-2,4.417142365E-3,-4.883896559E-3
1.955577212E1,-3.242134675E-2,1.008633524E-2,-3.027348779E-3
1.956576612E1,-3.135634959E-2,1.464886405E-2,-2.091780305E-3
1.957576112E1,-3.111104853E-2,1.792789064E-2,-6.745446473E-3
1.958575612E1,-3.716814518E-2,2.079398558E-2,-2.099561505E-3
1.959575112E1,-3.081975132E-2,1.753741130E-2,-3.362033051E-3
1.960574512E1,-3.080856428E-2,1.604098082E-2,-3.193987068E-3
1.961574012E1,-2.735442109E-2,1.414681971E-2,-4.970636219E-4
1.962573512E1,-2.584893629E-2,1.707043871E-2,7.514264435E-4
1.963573012E1,-2.456506900E-2,1.672820002E-2,1.984075643E-4
1.964572412E1,-1.844778843E-2,8.312343620E-3,-3.119891509E-3
1.965571912E1,-1.338345092E-2,1.059695147E-3,-2.597573213E-3
1.966571412E1,-8.670721203E-3,-8.233672008E-3,-5.531916395E-5
1.967570912E1,-7.563911844E-3,-4.521757830E-3,1.396103296E-3
1.968570312E1,-3.020042204E-4,-2.947885077E-4,8.262531832E-3
1.969569812E1,-1.080501126E-3,5.009333603E-3,1.153810136E-2
1.970569312E1,1.633260050E-3,1.023871731E-2,1.046964154E-2
1.971568812E1,3.907393664E-3,1.018691808E-2,1.360082347E-2
1.972568312E1,7.961523719E-3,4.957001191E-3,9.021784179E-3
1.973567712E1,1.102332678E-2,5.958132911E-3,1.031989790E-2
1.974567212E1,7.697305176E-3,1.103722956E-3,8.853294887E-3
1.975566712E1,7.150596939E-3,-3.673202358E-3,7.573809475E-3
1.976566212E1,1.331590000E-3,-1.380253583E-2,6.781785283E-3
1.977565612E1,1.896097790E-3,-2.150520682E-2,7.412644103E-3
1.978565112E1,-5.007471191E-4,-2.850239724E-2,8.094945922E-3
1.979564612E1,-1.378487097E-3,-3.026515432E-2,2.658264013E-3
1.980564112E1,-5.433415994E-3,-2.573298663E-2,1.520028803E-3
1.981563512E1,-8.436663076E-3,-2.043782361E-2,1.769301016E-3
1.982563012E1,-1.077811420E-2,-2.231721580E-2,2.016176004E-3
1.983562512E1,-1.222157478E-2,-2.584475651E-2,2.533170395E-3
1.984562012E1,-1.306340005E-2,-2.969648317E-2,2.934242366E-3
1.985561412E1,-6.408937741E-3,-2.797354199E-2,2.640169812E-3
1.986560912E1,-5.829966627E-3,-2.689283155E-2,-2.278422471E-3
1.987560412E1,-8.590208367E-3,-1.704979315E-2,-2.899791114E-3
1.988559912E1,-1.041607186E-2,-4.152901936E-3,-2.820163034E-3
1.989559412E1,-9.254829958E-3,5.497612059E-3,-1.023170073E-3
1.990558812E1,-7.521377411E-3,1.175364479E-2,3.502219915E-4
1.991558312E1,-8.691250347E-3,1.063281670E-2,-1.612943597E-3
1.992557812E1,-8.334119804E-3,4.972001072E-3,-2.196442336E-3
1.993557312E1,-8.104816079E-3,-5.559966434E-3,4.294202663E-4
1.994556712E1,-1.106828102E-3,-6.169297732E-3,4.109908827E-3
1.995556212E1,-3.293843474E-3,-4.717789125E-3,2.233656123E-4
1.996555712E1,-2.722595353E-3,5.672533996E-3,-9.279190563E-4
1.997555212E1,-3.340720432E-3,1.254691463E-2,2.499318449E-3
1.998554612E1,-3.202502383E-3,2.712825686E-2,2.101442311E-3
1.999554112E1,-2.057826146E-3,3.179683536E-2,1.851237845E-3
2.000553612E1,-4.548414610E-3,3.240456805E-2,4.123712890E-3
2.001553112E1,-8.645460010E-3,2.466783114E-2,3.585325787E-3
2.002552512E1,-7.265676744E-3,6.835039239E-3,7.165684365E-4
2.003552012E1,-5.135712214E-3,-1.062885672E-2,8.372995071E-4
2.004551512E1,-8.081701584E-3,-2.279444411E-2,-2.593117766E-3
2.005551012E1,-5.251771770E-3,-4.259468243E-2,-4.350421485E-3
2.006550412E1,-3.206996946E-3,-4.964087531E-2,-7.493750658E-3
2.007549912E1,2.458579140E-3,-4.389319196E-2,-4.776437301E-3
2.008549412E1,2.565371804E-3,-3.000640497E-2,-7.820164785E-3
2.009548912E1,5.505806301E-3,-1.352304779E-2,-1.177852415E-2
2.010548412E1,3.631207393E-3,-8.137604222E-3,-1.112258807E-2
2.011547812E1,2.261249814E-3,-9.901596233E-3,-8.985327557E-3
2.012547312E1,2.742749173E-3,-1.605909131E-2,-8.611686528E-3
2.013546812E1,-2.944879932E-3,-1.845858991E-2,-3.659490962E-3
2.014546312E1,-5.971562583E-3,-5.143317394E-3,3.448219504E-3
2.015545712E1,-8.141040802E-3,-1.093266346E-2,5.254816264E-3
2.016545212E1,-1.429640502E-2,-1.697031595E-2,4.652142990E-3
2.017544712E1,-1.356345881E-2,-2.489719167E-2,8.665409870E-3
2.018544212E1,-1.331338752E-2,-3.309839591E-2,1.275282912E-2
2.019543612E1,-7.572445553E-3,-2.434746549E-2,9.815717116E-3
2.020543112E1,-7.514122408E-3,-1.530763227E-2,9.476697072E-3
2.021542612E1,-3.216883400E-3,-1.210463513E-2,9.807565250E-3
2.022542112E1,-6.245962810E-3,-8.627612144E-3,5.465813447E-3
2.023541512E1,-8.844375610E-3,-3.208128735E-3,1.005035639E-2
2.024541012E1,-5.842993967E-3,2.024982590E-3,1.170071680E-2
2.025540512E1,-5.665915553E-3,7.150624413E-3,7.703371812E-3
2.026540012E1,-7.886459120E-3,6.285896059E-3,2.251082100E-3
2.027539512E1,-1.320613921E-2,4.544079304E-3,7.345753256E-3
2.028538912E1,-1.401121262E-2,2.277995925E-3,8.929535747E-3
2.029538412E1,-8.660845459E-3,-7.364271209E-3,2.163302153E-3
2.030537912E1,-9.113582782E-3,-6.806339137E-3,1.040246803E-3
2.031537412E1,-4.005684517E-3,-1.348769292E-4,1.759150997E-3
2.032536812E1,1.530494774E-3,2.469961066E-3,8.584698662E-4
2.033536312E1,4.234086722E-3,7.263590582E-3,2.110557165E-3
2.034535829E1,-3.694143379E-3,1.416650508E-2,5.399028305E-3
2.035535329E1,-3.143130103E-3,1.498279907E-2,7.376942784E-3
2.036534729E1,-6.323210895E-3,4.390609916E-3,6.076254882E-3
2.037534229E1,-2.934582997E-3,-1.674861414E-3,7.862643339E-3
2.038533729E1,-3.304229816E-3,-1.236319169E-2,5.315063056E-3
2.039533229E1,-1.104947878E-4,-2.056073211E-2,3.026950173E-3
2.040532629E1,7.542631123E-3,-2.543804422E-2,1.653558109E-3
2.041532129E1,6.693048868E-3,-2.693362534E-2,5.663300864E-3
2.042531629E1,9.978857823E-3,-3.516572341E-2,6.789285224E-3
2.043531129E1,1.212137099E-2,-3.486026078E-2,8.675602265E-3
2.044530629E1,1.787726022E-2,-2.757944167E-2,1.046577934E-2
2.045530029E1,2.325627394E-2,-7.735417224E-3,1.691472717E-2
2.046529529E1,2.454604395E-2,9.058742784E-3,2.287860960E-2
2.047529029E1,3.457931057E-2,1.394824311E-2,2.272155881E-2
2.048528529E1,4.314616695E-2,9.604894556E-3,1.964374445E-2
2.049527929E1,4.731321335E-2,-1.269591507E-3,1.253709849E-2
2.050527429E1,5.172554031E-2,-9.480116889E-3,1.123294793E-2
2.051526929E1,5.360433459E-2,-2.499836497E-3,2.194540948E-2
2.052526429E1,5.064769834E-2,5.529327784E-3,2.175712399E-2
2.053525829E1,4.334850982E-2,1.797777787E-2,2.356406488E-2
2.054525329E1,4.092290252E-2,2.598377317E-2,1.946599223E-2
2.055524829E1,3.507940471E-2,3.367399052E-2,1.340061240E-2
2.056524329E1,2.353646606E-2,5.770209432E-2,1.159765199E-2
2.057523729E1,1.178253442E-2,5.498573184E-2,1.350360550E-2
2.058523229E1,4.041524604E-3,4.307021573E-2,1.199412532E-2
2.059522729E1,-5.940171424E-3,2.941604145E-2,4.792403895E-3
2.060522229E1,-1.030961890E-2,1.832131296E-2,6.613084115E-4
2.061521629E1,-1.824008487E-2,1.203157008E-3,-2.765098121E-3
2.062521129E1,-2.743464895E-2,-3.242990235E-3,-4.981380422E-3
2.063520629E1,-2.602710761E-2,-2.733395668E-3,-6.522984244E-3
2.064520129E1,-2.752433717E-2,3.534886520E-3,-1.989751123E-3
2.065519529E1,-3.213743865E-2,6.951636635E-3,-1.921115909E-3
2.066519029E1,-3.155899793E-2,3.073808271E-3,-3.584259655E-3
2.067518529E1,-3.047964722E-2,1.411015633E-3,-3.848903812E-3
2.068518029E1,-3.435241431E-2,-7.975028828E-3,-6.545354612E-3
2.069517529E1,-3.272387758E-2,-1.141599100E-2,-4.591171164E-3
2.070516929E1,-2.600631863E-2,-1.432123408E-2,-6.791208405E-3
2.071516429E1,-2.028189786E-2,-1.494683325E-2,-2.518846188E-3
2.072515929E1,-1.697132364E-2,-9.061779827E-3,2.380581573E-4
2.073515429E1,-1.161700953E-2,-2.658028156E-3,2.980506513E-3
2.074514829E1,-7.446499541E-3,3.836356569E-3,6.502803415E-3
2.075514329E1,-5.242184736E-3,7.438390516E-3,9.137956426E-3
2.076513829E1,-1.146999421E-5,7.074868307E-3,1.283655502E-2
2.077513329E1,3.986983560E-3,1.189588197E-2,1.303127594E-2
2.078512729E1,9.657918476E-3,1.638570428E-2,1.730218902E-2
2.079512229E1,1.189099066E-2,1.713439077E-2,1.564247534E-2
2.080511729E1,1.292296499E-2,1.759991236E-2,1.481662970E-2
2.081511229E1,1.143796463E-2,1.914999261E-2,1.088612992E-2
2.082510629E1,1.456797775E-2,1.729270443E-2,7.467430085E-3
2.083510129E1,1.445301808E-2,8.741871454E-3,6.275697611E-3
2.084509629E1,1.119410805E-2,-1.258830773E-3,6.441612262E-3
2.085509129E1,9.351394139E-3,-3.180770436E-3,5.785067100E-3
2.086508629E1,1.106167678E-2,-8.841851726E-3,9.339587763E-3
2.087508029E1,8.894185536E-3,-5.405480508E-3,6.136723328E-3
2.088507529E1,6.876308471E-3,-3.636609064E-3,3.540141275E-3
2.089507029E1,6.332098506E-3,-4.984734580E-3,1.019535121E-3
2.090506529E1,4.695585929E-3,-9.481811430E-4,1.882932149E-3
2.091505929E1,4.874109756E-3,-1.356892986E-3,-1.672110055E-3
2.092505429E1,1.273249974E-3,1.222112216E-3,-1.807399094E-4
2.093504929E1,9.080812451E-4,2.778670285E-3,1.336064190E-3
2.094504429E1,-1.898091636E-3,2.959499136E-3,4.441714846E-4
2.095503829E1,-4.336753394E-3,3.189293202E-3,-5.062165204E-3
2.096503329E1,1.223127823E-3,1.283801626E-3,-4.633130040E-3
2.097502829E1,3.936633468E-3,-4.652844276E-3,-3.913839813E-3
2.098502329E1,5.824814551E-3,-5.550329573E-3,-3.136462998E-3
2.099501729E1,6.617105100E-3,-1.730824122E-3,-1.376113389E-3
2.100501229E1,7.023769896E-3,2.687626518E-3,5.980336107E-3
2.101500729E1,7.526635192E-3,8.018340915E-3,1.119810529E-2
2.102500229E1,-1.275559189E-4,3.275112063E-2,9.422309697E-3
2.103499629E1,5.291351117E-3,4.075969756E-2,1.382316928E-2
2.104499129E1,4.496131092E-3,3.600382060E-2,1.249957830E-2
2.105498629E1,2.292713616E-3,2.852967009E-2,1.302106772E-2
2.106498129E1,4.556133877E-3,2.056228928E-2,1.140426286E-2
2.107497629E1,4.254875705E-3,1.153514348E-2,1.231361367E-2
2.108497029E1,1.295837574E-3,7.149450481E-3,1.042703073E-2
2.109496529E1,-2.486916725E-3,1.241079159E-2,1.052237209E-2
2.110496029E1,-7.192455698E-3,2.281576209E-2,6.644010544E-3
2.111495529E1,-8.925961331E-3,4.012887552E-2,9.973912500E-3
2.112494929E1,-1.064183563E-2,4.820065200E-2,9.984298609E-3
2.113494429E1,-1.583256945E-2,5.191650987E-2,8.580720983E-3
2.114493929E1,-1.012062281E-2,5.205845460E-2,9.607103653E-3
2.115493429E1,-1.989884675E-2,4.651790112E-2,8.515724912E-3
2.116492829E1,-1.802824251E-2,3.726288676E-2,1.036422513E-2
2.117492329E1,-1.766585372E-2,3.094490245E-2,6.566201802E-3
2.118491829E1,-1.726318337E-2,2.677572332E-2,4.323287867E-3
2.119491329E1,-1.309767738E-2,2.260956913E-2,2.426968887E-3
2.120490729E1,-1.225558575E-2,1.766381413E-2,9.981831536E-4
2.121490229E1,-1.099278126E-2,1.620237157E-2,-2.405158710E-3
2.122489729E1,-1.030595228E-2,1.238792483E-2,-6.322925910E-4
2.123489229E1,-6.190601736E-3,1.321009174E-2,3.156163730E-4
2.124488729E1,-4.496298730E-3,9.070207365E-3,2.426437801E-3
2.125488129E1,-2.041524276E-3,1.041520759E-2,1.768801361E-3
2.126487629E1,1.169182593E-3,9.627977386E-3,5.487639457E-3
2.127487129E1,1.357944100E-3,1.447270624E-2,2.865369432E-3
2.128486629E1,6.626475602E-3,2.050689608E-2,4.205876030E-4
2.129486029E1,1.151683275E-2,2.068023197E-2,-3.577601630E-3
2.130485529E1,1.221085247E-2,1.055782381E-2,-8.548391983E-3
2.131485029E1,1.734860055E-2,1.003916189E-2,-8.209045976E-3
2.132484529E1,1.736218296E-2,1.965263858E-2,-6.835652981E-3
2.133483929E1,7.608610671E-3,3.136062250E-2,-1.173476689E-3
2.134483429E1,2.361917170E-3,3.120322898E-2,1.549072564E-3
2.135482975E1,-1.086361590E-4,2.863607556E-2,-1.915063243E-3
2.136482475E1,-4.008036572E-3,1.399721019E-2,-6.195028778E-3
2.137481875E1,-8.214310743E-3,-1.131397858E-2,-1.178373303E-2
2.138481375E1,-3.104503732E-3,-3.510319814E-2,-1.290066261E-2
2.139480875E1,1.259163255E-3,-4.213104025E-2,-1.324548200E-2
2.140480375E1,2.809842699E-4,-4.058507457E-2,-1.001000591E-2
2.141479875E1,4.200137686E-3,-2.499304339E-2,-8.621551096E-3
2.142479275E1,3.413972445E-3,-6.926425733E-3,-5.305382889E-3
2.143478775E1,1.566958148E-3,4.824050702E-3,-4.687769338E-3
2.144478275E1,3.956878558E-3,1.131284237E-2,1.821262296E-3
2.145477775E1,5.377142690E-3,2.113644406E-2,5.337433890E-3
2.146477175E1,2.487612888E-3,2.103204839E-2,1.652151346E-3
2.147476675E1,4.075095989E-3,9.667892940E-3,1.613893546E-4
2.148476175E1,3.154441481E-3,-8.898068219E-3,7.060058415E-4
2.149475675E1,2.599498723E-3,-3.109991178E-2,-5.959517322E-3
2.150475075E1,5.594223272E-3,-3.852560371E-2,-4.871083423E-3
2.151474575E1,7.694897242E-3,-4.375410080E-2,-5.775419530E-3
2.152474075E1,1.068642549E-2,-3.791299090E-2,-2.420102712E-3
2.153473575E1,1.772706956E-2,-2.397052012E-2,1.613669097E-3
2.154472975E1,2.306084894E-2,-8.855217136E-3,7.042000070E-4
2.155472475E1,2.483478561E-2,-7.693244144E-3,9.460002184E-4
2.156471975E1,2.832006477E-2,-8.322282694E-3,1.656265464E-3
2.157471475E1,2.916695550E-2,-5.726463161E-3,3.966808319E-3
2.158470875E1,2.549658716E-2,-9.731590748E-3,3.022718010E-3
2.159470375E1,2.786406502E-2,-5.940785632E-3,6.870379206E-3
2.160469875E1,2.438943833E-2,1.546517015E-2,1.295863185E-2
2.161469375E1,2.112522908E-2,3.069277294E-2,1.447043382E-2
2.162468875E1,2.073694021E-2,4.294438288E-2,1.316095795E-2
2.163468275E1,1.184112392E-2,4.568703845E-2,3.976945765E-3
2.164467775E1,7.502834778E-3,2.799672447E-2,4.427285865E-3
2.165467275E1,-2.348192735E-3,-7.886138745E-3,-5.767842755E-3
2.166466775E1,-1.193770301E-2,-4.211388528E-2,-1.017617248E-2
2.167466175E1,-1.275654323E-2,-6.327854842E-2,-1.175751537E-2
2.168465675E1,-8.036356419E-3,-6.479841471E-2,-1.033059321E-2
2.169465175E1,-1.170996018E-2,-4.962078109E-2,-1.254570670E-2
2.170464675E1,-1.215524040E-2,-3.092618845E-2,-1.298432983E-2
2.171464075E1,-9.519459680E-3,-6.303606555E-3,-1.517757494E-2
2.172463575E1,-1.107767504E-2,3.463270143E-3,-8.867215365E-3
2.173463075E1,-1.434995141E-2,-1.021425147E-2,-1.786269713E-3
2.174462575E1,-8.802853525E-3,-4.084806144E-2,-7.178638596E-3
2.175461975E1,-2.664511092E-3,-6.772586703E-2,-1.235721447E-2
2.176461475E1,1.357661095E-3,-7.780274004E-2,-8.771535009E-3
2.177460975E1,2.820780035E-3,-8.268072456E-2,-4.712817725E-3
2.178460475E1,1.040998939E-2,-8.116298914E-2,-3.362062853E-3
2.179459975E1,9.453594685E-3,-8.067972213E-2,1.148441806E-4
2.180459375E1,9.113242850E-3,-9.358646721E-2,3.715730272E-4
2.181458875E1,1.364469342E-2,-1.018236130E-1,1.636084169E-3
2.182458375E1,1.560690999E-2,-1.020502523E-1,-9.977822192E-4
2.183457875E1,1.818805747E-2,-9.168781340E-2,-4.552865401E-3
2.184457275E1,2.167839557E-2,-6.433396041E-2,-9.701149538E-4
2.185456775E1,2.164240927E-2,-3.629934415E-2,4.436456598E-3
2.186456275E1,1.853636466E-2,-1.266139373E-2,1.152552478E-2
2.187455775E1,2.048205398E-2,4.923297092E-5,2.155343629E-2
2.188455175E1,1.379805245E-2,-1.429354306E-3,1.746947877E-2
2.189454675E1,1.143553015E-2,-1.942401752E-2,1.614890806E-2
2.190454175E1,1.394928806E-2,-3.294568509E-2,1.118530799E-2
2.191453675E1,1.229265705E-2,-3.261971846E-2,9.828635491E-3
2.192453075E1,8.233467117E-3,-3.582509980E-2,6.654679775E-3
2.193452575E1,1.177221350E-2,-2.827676572E-2,6.542987190E-3
2.194452075E1,9.552202187E-3,-1.753623784E-2,5.747500807E-3
2.195451575E1,1.009762939E-2,-1.187668182E-2,5.880630109E-3
2.196450975E1,1.120949909E-2,-2.609413816E-3,4.641727544E-3
2.197450475E1,1.361645851E-2,1.146938652E-3,6.281184033E-3
2.198449975E1,1.528040133E-2,9.135888889E-3,4.898470826E-3
2.199449475E1,1.650945470E-2,1.844926551E-2,3.877400421E-3
2.200448975E1,1.628947817E-2,2.679295093E-2,4.337861203E-3
2.201448375E1,1.083263941E-2,2.571316063E-2,2.965060063E-3
2.202447875E1,7.356415037E-3,1.791675575E-2,4.630334675E-3
2.203447375E1,1.079106145E-2,1.587442681E-2,4.423497245E-3
2.204446875E1,9.766543284E-3,1.785848103E-2,1.301325671E-2
2.205446275E1,6.428847089E-3,2.843391709E-2,1.474525686E-2
2.206445775E1,5.293541588E-3,3.536186367E-2,1.207064465E-2
2.207445275E1,-7.086800761E-4,3.846212476E-2,7.501696236E-3
2.208444775E1,-5.604635458E-3,1.912357658E-2,-4.096370190E-3
2.209444175E1,-5.780925509E-3,-4.744664300E-3,-1.117241941E-2
2.210443675E1,-5.273060873E-3,-2.128688991E-2,-9.584376588E-3
2.211443175E1,-3.733441932E-3,-2.168554254E-2,-4.093319643E-3
2.212442675E1,-7.670126855E-3,-1.724658534E-2,2.812256571E-3
2.213442075E1,-6.840036251E-3,-1.569463406E-3,5.451758392E-3
2.214441575E1,-8.267224766E-3,1.035803650E-2,2.927081659E-3
2.215441075E1,-7.105082273E-3,1.599741541E-2,-1.208113041E-3
2.216440575E1,-1.213739160E-2,-2.124597086E-3,-4.501111805E-3
2.217440075E1,-7.412593346E-3,-1.464756951E-2,-5.024109036E-3
2.218439475E1,-5.904711317E-3,-2.552152239E-2,-9.714202955E-3
2.219438975E1,-1.105130929E-2,-3.996116668E-2,-6.497801282E-3
2.220438475E1,-5.470123608E-3,-5.145190656E-2,-3.112656996E-3
2.221437975E1,-4.477529321E-3,-4.501483589E-2,-2.277310472E-3
2.222437375E1,-6.114840973E-3,-3.854788095E-2,-2.952155191E-3
2.223436875E1,-6.945536938E-3,-3.189965710E-2,-3.484109417E-3
2.224436375E1,-4.883185029E-3,-2.356316522E-2,-1.447717659E-4
2.225435875E1,-1.729258103E-3,-1.741348952E-2,1.639428549E-3
2.226435275E1,-8.285769727E-4,-1.258118264E-2,7.141519338E-3
2.227434775E1,-4.412593320E-3,-1.580929942E-2,7.163711358E-3
2.228434275E1,-1.342234900E-3,-1.843677461E-2,3.843548475E-3
2.229433775E1,4.615206737E-3,-2.352533489E-2,4.299349152E-3
2.230433175E1,1.789592905E-3,-2.584175393E-2,-1.984639093E-4
2.231432675E1,2.780299634E-3,-2.616525441E-2,-3.706675489E-3
2.232432175E1,3.595759626E-3,-2.282192186E-2,-4.673669580E-3
2.233431675E1,-1.542249462E-3,-2.140413970E-2,-8.206692524E-3
2.234431075E1,1.126770629E-3,-1.375927031E-2,-6.174168549E-3
2.235430487E1,-3.649614519E-3,-3.637430258E-3,-6.161104422E-3
2.236429987E1,-8.258480579E-3,8.510611951E-4,-4.902494606E-3
2.237429487E1,-1.008572523E-2,4.230287392E-3,-3.807002213E-3
2.238428987E1,-6.915498059E-3,3.384200856E-3,-1.390449703E-3
2.239428387E1,-5.564421881E-3,3.499611281E-3,-5.192793906E-3
2.240427887E1,-4.717004020E-3,-2.641417086E-5,-4.664155655E-3
2.241427387E1,-1.477567712E-3,1.913481858E-3,-4.654480144E-3
2.242426887E1,5.717760883E-3,6.867760792E-3,-2.917033620E-3
2.243426287E1,1.071824785E-2,1.216778532E-2,-4.333651625E-3
2.244425787E1,1.775778085E-2,1.585572958E-2,-5.794661120E-3
2.245425287E1,2.118118294E-2,1.848688908E-2,-2.888656221E-3
2.246424787E1,2.222247981E-2,2.213435434E-2,-7.416030392E-3
2.247424187E1,1.742877252E-2,1.709288172E-2,-1.086344756E-2
2.248423687E1,1.477519982E-2,6.282844581E-3,-9.634397924E-3
2.249423187E1,1.388378441E-2,5.162060261E-4,-5.520997569E-3
2.250422687E1,1.142222434E-2,5.659302697E-3,-3.225067630E-4
2.251422187E1,5.308760330E-3,1.023226324E-2,1.267694868E-3
2.252421587E1,1.599775977E-3,1.643769443E-2,2.965726424E-3
2.253421087E1,-6.070938427E-3,1.641445421E-2,-4.740366247E-3
2.254420587E1,-1.357412804E-2,1.053952053E-2,-1.303211972E-2
2.255420087E1,-1.659441926E-2,-1.599960960E-4,-1.087016426E-2
2.256419487E1,-1.730095595E-2,-9.745778516E-3,-1.106644049E-2
2.257418987E1,-1.629933529E-2,-1.123311743E-2,-8.056016639E-3
2.258418487E1,-2.263792418E-2,-8.209897205E-3,-4.405088723E-3
2.259417987E1,-2.361861058E-2,-3.621728625E-3,-4.934227094E-3
2.260417387E1,-1.820813306E-2,8.779484779E-4,-5.763003603E-3
2.261416887E1,-1.778062992E-2,-3.367494326E-3,-9.887888096E-3
2.262416387E1,-1.225536969E-2,-1.199294068E-2,-9.647670202E-3
2.263415887E1,-1.468285173E-2,-2.451972291E-2,-1.107722614E-2
2.264415287E1,-3.470943542E-3,-3.281280771E-2,-8.975192904E-3
2.265414787E1,1.296919072E-3,-2.896050923E-2,-8.334716782E-3
2.266414287E1,3.385636490E-3,-2.498361096E-2,-5.532006267E-3
2.267413787E1,4.952613264E-3,-2.120609768E-2,-2.324154135E-3
2.268413287E1,2.633266151E-3,-1.728059724E-2,-3.975313623E-3
2.269412687E1,7.316392381E-3,-1.274445932E-2,-4.388248548E-3
2.270412187E1,1.121765655E-2,-9.014168754E-3,-5.237797275E-3
2.271411687E1,1.208754256E-2,-1.318845898E-3,-3.147219308E-3
2.272411187E1,1.375707891E-2,5.429071374E-3,-1.231075265E-3
2.273410587E1,1.299246307E-2,1.017121784E-2,-6.535090506E-5
2.274410087E1,1.404467784E-2,1.588769257E-2,-1.915714704E-3
2.275409587E1,1.338024717E-2,1.990232244E-2,-1.191675663E-3
2.276409087E1,1.375974715E-2,1.512834057E-2,2.561250934E-3
2.277408487E1,1.585325226E-2,1.623990759E-2,1.577632502E-4
2.278407987E1,1.327078510E-2,1.210162137E-2,-2.607663162E-3
2.279407487E1,9.639825672E-3,7.200569846E-3,-4.184240010E-3
2.280406987E1,1.532807201E-2,9.277602658E-4,-5.595182534E-3
2.281406387E1,1.396746840E-2,-4.553787876E-3,-9.432546794E-3
2.282405887E1,1.447373535E-2,-5.158325192E-3,-1.067757420E-2
2.283405387E1,1.293956768E-2,-7.340547629E-3,-8.423412219E-3
2.284404887E1,9.059341624E-3,-9.298503399E-3,-1.257181726E-2
2.285404387E1,1.390698645E-2,-6.996620446E-3,-1.261628047E-2
2.286403787E1,1.301030070E-2,-3.544897307E-3,-1.323013939E-2
2.287403287E1,1.130561624E-2,5.352493841E-3,-1.140855346E-2
2.288402787E1,1.054554991E-2,4.241423216E-3,-1.032943930E-2
2.289402287E1,1.109554898E-2,6.293749902E-3,-7.898386568E-3
2.290401687E1,8.401495405E-3,6.346480455E-3,-1.357597858E-2
2.291401187E1,6.684809923E-3,8.512357250E-3,-1.306489017E-2
2.292400687E1,8.186033927E-3,-2.080898266E-3,-1.788707450E-2
2.293400187E1,5.733990110E-3,-4.690908827E-4,-1.844641380E-2
2.294399587E1,-1.206474146E-3,1.081401482E-3,-2.124566212E-2
2.295399087E1,-1.003882103E-2,3.632890992E-3,-2.312726155E-2
2.296398587E1,-2.013859339E-2,-5.561672617E-3,-2.378319576E-2
2.297398087E1,-2.709346078E-2,-1.684216782E-2,-2.637865394E-2
2.298397487E1,-2.591714263E-2,-2.537413873E-2,-2.923116833E-2
2.299396987E1,-3.099578619E-2,-2.314610034E-2,-2.819973789E-2
2.300396487E1,-4.088889435E-2,-2.218150347E-2,-3.137129918E-2
2.301395987E1,-3.857647255E-2,-1.519763097E-2,-2.743328176E-2
2.302395487E1,-4.112138972E-2,-1.070487779E-2,-3.645127639E-2
2.303394887E1,-4.293706268E-2,-1.295957342E-2,-4.286462441E-2
2.304394387E1,-3.750075027E-2,-2.218662575E-2,-4.187579453E-2
2.305393887E1,-3.040472232E-2,-3.092797101E-2,-4.446180910E-2
2.306393387E1,-2.988993376E-2,-3.015032783E-2,-4.175204411E-2
2.307392787E1,-2.409891784E-2,-2.291256934E-2,-3.520139307E-2
2.308392287E1,-2.001123130E-2,-2.227634005E-2,-3.531751037E-2
2.309391787E1,-1.518537290E-2,-1.640389860E-2,-3.410269693E-2
2.310391287E1,-8.991127834E-3,-6.272167899E-3,-3.576184437E-2
2.311390687E1,-2.842193004E-3,1.110550389E-2,-3.335743770E-2
2.312390187E1,1.674794476E-3,1.868432760E-2,-3.670742735E-2
2.313389687E1,8.459779434E-3,1.759755053E-2,-2.965657599E-2
2.314389187E1,1.054796390E-2,1.155137643E-2,-2.409003675E-2
2.315388587E1,1.420127135E-2,-4.902151413E-4,-2.356348559E-2
2.316388087E1,9.745003656E-3,-4.772577900E-3,-2.481810004E-2
2.317387587E1,1.215569768E-2,-9.264798835E-3,-2.676806971E-2
2.318387087E1,1.065527275E-2,-1.408192329E-2,-2.632305399E-2
2.319386587E1,7.126295939E-3,-1.843154430E-2,-2.941758931E-2
2.320385987E1,4.777144059E-4,-2.368915640E-2,-2.863541618E-2
2.321385487E1,-9.879346006E-3,-2.733706869E-2,-3.284633160E-2
2.322384987E1,-2.264121361E-2,-3.228495270E-2,-4.262465984E-2
2.323384487E1,-3.940600902E-2,-3.304002434E-2,-4.914800078E-2
2.324383887E1,-6.053286791E-2,-3.773171455E-2,-5.366206169E-2
2.325383387E1,-8.415404707E-2,-3.943298012E-2,-6.247337908E-2
2.326382887E1,-9.517367184E-2,-6.673543900E-2,-6.235326827E-2
2.327382387E1,-1.215488091E-1,-1.011852175E-1,-7.367972285E-2
2.328381787E1,-1.530231088E-1,-1.430170983E-1,-8.697795123E-2
2.329381287E1,-1.784037948E-1,-2.001978308E-1,-9.783575684E-2
2.330380787E1,-2.158318609E-1,-2.658300996E-1,-1.095073298E-1
2.331380287E1,-2.524999082E-1,-3.143222928E-1,-1.276750267E-1
2.332379687E1,-2.793581486E-1,-3.381288350E-1,-1.470460594E-1
2.333379187E1,-3.056187332E-1,-3.269056380E-1,-1.645746082E-1
2.334378687E1,-3.280771673E-1,-2.866418362E-1,-1.788816452E-1
2.335378217E1,-3.398403525E-1,-2.269360870E-1,-1.872690320E-1
2.336377717E1,-3.373849094E-1,-1.870592535E-1,-1.813362986E-1
2.337377117E1,-3.007105887E-1,-1.586565077E-1,-1.677375138E-1
2.338376617E1,-2.653483152E-1,-1.535602808E-1,-1.399658024E-1
2.339376117E1,-2.459735423E-1,-2.102847695E-1,-1.019646451E-1
2.340375617E1,-2.551992834E-1,-3.310620785E-1,-6.663861126E-2
2.341375017E1,-2.495052367E-1,-4.664167762E-1,-3.096648306E-2
2.342374517E1,-2.010000050E-1,-5.617776513E-1,5.083677173E-2
2.343374017E1,-1.530878842E-1,-5.992646813E-1,2.034484744E-1
2.344373517E1,-9.826724976E-2,-6.008375287E-1,3.912417889E-1
2.345372917E1,-8.042645454E-2,-5.695245266E-1,5.471274853E-1
2.346372417E1,-7.898994535E-2,-4.420664310E-1,7.061342001E-1
2.347371917E1,-9.063778073E-2,-2.592551112E-1,8.942038417E-1
2.348371417E1,-1.206854284E-1,-1.199313179E-1,1.049645066E0
2.349370817E1,-1.566925198E-1,-2.074348740E-4,1.160969138E0
2.350370317E1,-2.050992101E-1,1.072543114E-1,1.257263541E0
2.351369817E1,-2.565601170E-1,1.831484586E-1,1.341744184E0
2.352369317E1,-3.139595091E-1,2.201275080E-1,1.408475518E0
2.353368817E1,-3.764165640E-1,2.245008647E-1,1.460657358E0
2.354368217E1,-4.448235631E-1,2.014725059E-1,1.505943894E0
2.355367717E1,-5.165759921E-1,1.516071558E-1,1.540057898E0
2.356367217E1,-5.871247053E-1,9.437342733E-2,1.556171894E0
2.357366717E1,-6.601186395E-1,3.047406673E-2,1.552306175E0
2.358366117E1,-7.176911235E-1,-2.374442853E-2,1.533436894E0
2.359365617E1,-7.710678577E-1,-7.518974692E-2,1.507858872E0
2.360365117E1,-8.153599501E-1,-1.102726310E-1,1.470371127E0
2.361364617E1,-8.576267958E-1,-1.362409890E-1,1.425986409E0
2.362364017E1,-9.053165317E-1,-1.466997564E-1,1.365719557E0
2.363363517E1,-9.467874169E-1,-1.564650238E-1,1.304019809E0
2.364363017E1,-9.919649959E-1,-1.690686941E-1,1.240261078E0
2.365362517E1,-1.025606155E0,-1.746190935E-1,1.179412484E0
2.366361917E1,-1.054693222E0,-1.909605116E-1,1.121785402E0
2.367361417E1,-1.059495807E0,-2.161892503E-1,1.064622283E0
2.368360917E1,-1.058368206E0,-2.518575191E-1,1.006961107E0
2.369360417E1,-1.037629962E0,-2.744009793E-1,9.345573783E-1
2.370359917E1,-9.961917400E-1,-2.768058181E-1,8.486637473E-1
2.371359317E1,-9.470016956E-1,-2.599743009E-1,7.517499924E-1
2.372358817E1,-8.967846036E-1,-2.318896651E-1,6.500385404E-1
2.373358317E1,-8.564872742E-1,-1.879503429E-1,5.516862273E-1
2.374357817E1,-8.186296821E-1,-1.257721931E-1,4.630532861E-1
2.375357217E1,-7.814639211E-1,-4.947000742E-2,3.892198205E-1
2.376356717E1,-7.294681072E-1,2.230191603E-2,3.254168928E-1
2.377356217E1,-6.766999960E-1,8.333538473E-2,2.741559446E-1
2.378355717E1,-6.160174608E-1,1.303912997E-1,2.301879674E-1
2.379355117E1,-5.538411140E-1,1.464386731E-1,2.023431957E-1
2.380354617E1,-5.055276752E-1,1.344144940E-1,1.751139760E-1
2.381354117E1,-4.636246562E-1,9.884130955E-2,1.464611888E-1
2.382353617E1,-4.288549721E-1,4.892461747E-2,1.217350587E-1
2.383353017E1,-4.060769379E-1,-3.128391691E-3,1.004893929E-1
2.384352517E1,-3.860989809E-1,-5.013904348E-2,8.492588252E-2
2.385352017E1,-3.624863625E-1,-7.920404524E-2,7.037876546E-2
2.386351517E1,-3.357764482E-1,-9.068892151E-2,6.579067558E-2
2.387351017E1,-3.094415069E-1,-8.330257237E-2,5.575771630E-2
2.388350417E1,-2.860272825E-1,-7.228241116E-2,4.934215918E-2
2.389349917E1,-2.617094219E-1,-4.869609326E-2,4.149407521E-2
2.390349417E1,-2.307219356E-1,-2.793009393E-2,3.377090767E-2
2.391348917E1,-2.094964683E-1,-7.419326343E-3,1.970178634E-2
2.392348317E1,-1.856388003E-1,1.515415963E-2,1.657496952E-2
2.393347817E1,-1.643184721E-1,4.450855404E-2,1.227909885E-2
2.394347317E1,-1.429905444E-1,6.604526937E-2,9.334174916E-3
2.395346817E1,-1.209448501E-1,8.718356490E-2,1.514495816E-3
2.396346217E1,-1.020164341E-1,9.958270937E-2,-9.940558113E-3
2.397345717E1,-7.896230370E-2,1.040652841E-1,-1.196975075E-2
2.398345217E1,-6.062749773E-2,1.059223041E-1,-1.464968920E-2
2.399344717E1,-4.115624353E-2,1.060837433E-1,-1.683052629E-2
2.400344117E1,-2.578847297E-2,1.103418693E-1,-2.195151895E-2
2.401343617E1,-5.997739732E-3,1.075403765E-1,-2.256799489E-2
2.402343117E1,8.245378733E-3,9.526027739E-2,-2.711241692E-2
2.403342617E1,2.056009509E-2,8.914136887E-2,-2.822826244E-2
2.404342117E1,2.965905145E-2,7.850496471E-2,-3.702761605E-2
2.405341517E1,3.710767254E-2,7.422944158E-2,-4.146797955E-2
2.406341017E1,4.578159004E-2,6.986878067E-2,-4.808673263E-2
2.407340517E1,5.954159424E-2,7.493027300E-2,-5.334456638E-2
2.408340017E1,7.530084252E-2,7.756014913E-2,-5.595126748E-2
2.409339417E1,8.617088199E-2,8.055584133E-2,-5.781485513E-2
2.410338917E1,9.628263861E-2,7.966421545E-2,-6.819186360E-2
2.411338417E1,1.036217958E-1,7.907846570E-2,-8.571551740E-2
2.412337917E1,1.086461172E-1,7.735619694E-2,-1.033248752E-1
2.413337317E1,1.142945811E-1,6.465792656E-2,-1.219790205E-1
2.414336817E1,1.259230226E-1,5.654194951E-2,-1.386464089E-1
2.415336317E1,1.404130310E-1,5.352229998E-2,-1.553452760E-1
2.416335817E1,1.555056870E-1,5.689439550E-2,-1.687500328E-1
2.417335217E1,1.575269997E-1,6.122554094E-2,-1.867614239E-1
2.418334717E1,1.423778832E-1,6.679394841E-2,-2.057287246E-1
2.419334217E1,1.329383105E-1,6.179666519E-2,-2.148381323E-1
2.420333717E1,1.276804358E-1,3.621487319E-2,-2.177937031E-1
2.421333217E1,1.507306844E-1,1.241216902E-2,-2.253716141E-1
2.422332617E1,1.758192629E-1,-4.412884358E-3,-2.414941192E-1
2.423332117E1,2.047770768E-1,-5.470326170E-3,-2.653979361E-1
2.424331617E1,2.425982207E-1,4.103471059E-3,-2.775456905E-1
2.425331117E1,2.739277184E-1,1.458200347E-2,-2.795008719E-1
2.426330517E1,2.941512167E-1,3.376528621E-2,-2.747798860E-1
2.427330017E1,3.086113334E-1,4.857552797E-2,-2.753240466E-1
2.428329517E1,2.990007699E-1,4.968339950E-2,-2.886206806E-1
2.429329017E1,2.950031161E-1,3.334041685E-2,-3.020465076E-1
2.430328417E1,2.895185947E-1,3.121527843E-3,-3.134035468E-1
2.431327917E1,2.795605659E-1,-4.190729558E-2,-3.243179023E-1
2.432327417E1,2.699263096E-1,-9.344398975E-2,-3.453728557E-1
2.433326917E1,2.538567483E-1,-1.419977695E-1,-3.599724174E-1
2.434326317E1,2.355847955E-1,-1.784678996E-1,-3.700713813E-1
2.435325754E1,2.180726230E-1,-2.036559582E-1,-3.675149679E-1
2.436325254E1,1.978666931E-1,-2.063936889E-1,-3.622738719E-1
2.437324754E1,1.852108687E-1,-1.952436864E-1,-3.491654098E-1
2.438324254E1,1.649830937E-1,-1.719064116E-1,-3.306699991E-1
2.439323654E1,1.440540850E-1,-1.367762983E-1,-3.110949099E-1
2.440323154E1,1.289712787E-1,-1.075854003E-1,-2.872668207E-1
2.441322654E1,1.101863906E-1,-9.036284685E-2,-2.731203139E-1
2.442322154E1,9.520344436E-2,-7.174842060E-2,-2.639347911E-1
2.443321554E1,8.810053021E-2,-5.470841005E-2,-2.466879338E-1
2.444321054E1,8.109349012E-2,-2.735934407E-2,-2.204427421E-1
2.445320554E1,8.015498519E-2,2.822720911E-3,-1.829872131E-1
2.446320054E1,7.288508862E-2,5.483691767E-2,-1.618329287E-1
2.447319454E1,4.250052571E-2,1.329099983E-1,-1.588085741E-1
2.448318954E1,1.272185892E-2,2.137968689E-1,-1.530734599E-1
2.449318454E1,-2.423320897E-2,2.787957191E-1,-1.213486269E-1
2.450317954E1,-5.177775025E-2,2.978154719E-1,-6.997650862E-2
2.451317354E1,-5.720313266E-2,2.678485811E-1,-1.679534279E-2
2.452316854E1,-4.001881927E-2,2.185020894E-1,3.429074213E-2
2.453316354E1,-1.451371331E-2,1.612556577E-1,8.678055555E-2
2.454315854E1,1.580744050E-2,8.142766356E-2,1.224498674E-1
2.455315354E1,4.013834521E-2,1.270692237E-2,1.385151297E-1
2.456314754E1,4.879654944E-2,-2.829989977E-2,1.576147825E-1
2.457314254E1,4.429877549E-2,-3.033776395E-2,1.725699306E-1
2.458313754E1,2.288243361E-2,-3.884052625E-3,1.704436541E-1
2.459313254E1,-3.510291921E-3,3.618400544E-2,1.668499857E-1
2.460312654E1,-4.154156521E-2,7.403977215E-2,1.621769369E-1
2.461312154E1,-7.252055407E-2,9.211359918E-2,1.561079621E-1
2.462311654E1,-1.009548604E-1,8.322928846E-2,1.466958225E-1
2.463311154E1,-1.272288114E-1,4.945953935E-2,1.337361187E-1
2.464310554E1,-1.449492276E-1,-1.785958186E-2,1.196826026E-1
2.465310054E1,-1.584309787E-1,-9.088493139E-2,1.009960622E-1
2.466309554E1,-1.712525040E-1,-1.664814204E-1,8.227377385E-2
2.467309054E1,-1.879744232E-1,-2.290477753E-1,6.499876827E-2
2.468308454E1,-2.017205954E-1,-2.702018619E-1,4.242847860E-2
2.469307954E1,-2.151701301E-1,-2.866800427E-1,1.675006934E-2
2.470307454E1,-2.231401652E-1,-2.920268774E-1,-1.452529430E-2
2.471306954E1,-2.387981564E-1,-2.753556669E-1,-4.867568985E-2
2.472306454E1,-2.536271513E-1,-2.450496852E-1,-7.258421183E-2
2.473305854E1,-2.566989064E-1,-2.078379691E-1,-9.342410415E-2
2.474305354E1,-2.186255753E-1,-1.338859797E-1,-1.176165268E-1
2.475304854E1,-1.860308200E-1,-4.381036013E-2,-1.324318200E-1
2.476304354E1,-1.399078071E-1,5.777112767E-2,-1.299785078E-1
2.477303754E1,-9.152435511E-2,1.542778313E-1,-1.233745143E-1
2.478303254E1,-5.137160793E-2,2.334030122E-1,-1.142569184E-1
2.479302754E1,-2.761163376E-2,2.956853509E-1,-1.038321108E-1
2.480302254E1,-2.200461365E-2,3.274659216E-1,-1.014722809E-1
2.481301654E1,-2.080678567E-2,3.260830641E-1,-9.823478013E-2
2.482301154E1,-2.286088094E-2,3.062593043E-1,-8.790171891E-2
2.483300654E1,-2.376174554E-2,2.679255009E-1,-8.583771437E-2
2.484300154E1,-2.128314041E-2,2.139006108E-1,-8.400652558E-2
2.485299554E1,-1.937666722E-2,1.521770507E-1,-8.232372254E-2
2.486299054E1,-1.480908040E-2,8.414767683E-2,-8.367847651E-2
2.487298554E1,-1.583040319E-2,2.354637533E-2,-7.082259655E-2
2.488298054E1,-2.844020352E-2,-3.454755247E-2,-5.322496220E-2
2.489297554E1,-4.910869524E-2,-6.862008572E-2,-4.202832282E-2
2.490296954E1,-5.863269418E-2,-8.752693236E-2,-2.644669823E-2
2.491296454E1,-5.887370929E-2,-8.053746074E-2,9.998660535E-3
2.492295954E1,-5.779539421E-2,-5.316496640E-2,5.858244002E-2
2.493295454E1,-6.313165277E-2,-1.546686329E-2,1.078234464E-1
2.494294854E1,-7.773056626E-2,7.504231762E-3,1.444440484E-1
2.495294354E1,-9.589246660E-2,1.475592330E-2,1.635738909E-1
2.496293854E1,-1.152427271E-1,8.122520521E-3,1.754739583E-1
2.497293354E1,-1.430139244E-1,-8.000401780E-3,1.959529221E-1
2.498292754E1,-1.638678014E-1,-4.340100288E-2,2.283888906E-1
2.499292254E1,-1.658781767E-1,-8.662454784E-2,2.548578978E-1
2.500291754E1,-1.580793709E-1,-1.304990500E-1,2.729117274E-1
2.501291254E1,-1.455367208E-1,-1.643988788E-1,2.813556194E-1
2.502290654E1,-1.351903379E-1,-2.038645446E-1,2.758974731E-1
2.503290154E1,-1.317956746E-1,-2.618066370E-1,2.657241523E-1
2.504289654E1,-1.532495767E-1,-3.328805268E-1,2.380315363E-1
2.505289154E1,-1.977376193E-1,-4.232894182E-1,2.060654461E-1
2.506288654E1,-2.602060437E-1,-5.208417773E-1,1.717093438E-1
2.507288054E1,-3.131928742E-1,-6.138774157E-1,1.439957917E-1
2.508287554E1,-3.454131186E-1,-6.685901880E-1,1.217261702E-1
2.509287054E1,-3.660631776E-1,-6.703334451E-1,9.786505997E-2
2.510286554E1,-3.602612317E-1,-6.238916516E-1,7.038922608E-2
2.511285954E1,-3.433475196E-1,-5.315236449E-1,4.265195876E-2
2.512285454E1,-3.235176206E-1,-4.144906998E-1,1.026872080E-2
2.513284954E1,-2.989019752E-1,-2.864945233E-1,-2.708282135E-2
2.514284454E1,-2.663109899E-1,-1.822895259E-1,-7.361916453E-2
2.515283854E1,-1.841599643E-1,-3.471577168E-2,-1.108029187E-1
2.516283354E1,-1.252186149E-1,1.493443400E-1,-1.133289263E-1
2.517282854E1,-6.054886431E-2,3.287595809E-1,-7.320960611E-2
2.518282354E1,4.514555912E-3,4.775373340E-1,-2.768472955E-2
2.519281754E1,4.376503825E-2,5.854247808E-1,2.284311689E-3
2.520281254E1,7.226832211E-2,6.228587031E-1,1.303735748E-2
2.521280754E1,8.443707973E-2,5.809941888E-1,1.517886482E-2
2.522280254E1,9.375787526E-2,4.649866223E-1,3.705700627E-3
2.523279754E1,9.319917858E-2,3.210445642E-1,-1.695863903E-2
2.524279154E1,8.640997857E-2,1.975170225E-1,-2.903580852E-2
2.525278654E1,7.394079119E-2,1.141028628E-1,-2.886990644E-2
2.526278154E1,5.818127468E-2,6.140475720E-2,-1.749634556E-2
2.527277654E1,5.371803790E-2,4.582471028E-2,1.981333829E-3
2.528277054E1,4.500337690E-2,5.381232873E-2,1.358659007E-2
2.529276554E1,3.193131834E-2,7.164449245E-2,1.850314066E-2
2.530276054E1,2.071008831E-2,8.859311044E-2,1.776651107E-2
2.531275554E1,5.574305542E-3,1.090096161E-1,1.606521197E-2
2.532274954E1,2.579048742E-3,1.126786545E-1,1.102224924E-2
2.533274454E1,-5.280981772E-3,1.088262722E-1,1.277215499E-2
2.534273954E1,-1.090770867E-2,8.556170017E-2,1.391997747E-2
2.535273550E1,-1.262558717E-2,5.606921390E-2,2.100568451E-2
2.536272950E1,-6.747990847E-3,2.079271525E-2,2.435514331E-2
2.537272450E1,5.934841465E-3,-1.077865995E-2,3.182967007E-2
2.538271950E1,4.509251099E-3,-3.561370075E-2,3.810168058E-2
2.539271450E1,4.640284460E-3,-4.950790852E-2,4.019730911E-2
2.540270950E1,8.140743710E-3,-5.662973225E-2,3.859594837E-2
2.541270350E1,1.120209228E-2,-4.749054462E-2,5.022905394E-2
2.542269850E1,1.417604368E-2,-3.068626300E-2,5.346239731E-2
2.543269350E1,1.540746726E-2,-1.328158472E-2,5.069623142E-2
2.544268850E1,2.175883949E-2,2.271275967E-3,5.146189034E-2
2.545268250E1,2.580843121E-2,1.985152997E-2,5.238790065E-2
2.546267750E1,2.465794608E-2,3.413193300E-2,4.735079780E-2
2.547267250E1,2.706228197E-2,3.445252404E-2,4.401829466E-2
2.548266750E1,2.703485079E-2,3.090199828E-2,3.755613416E-2
2.549266150E1,2.582488768E-2,2.577510104E-2,2.809868753E-2
2.550265650E1,2.241178043E-2,2.313937247E-2,1.808360405E-2
2.551265150E1,2.056811377E-2,1.524148788E-2,1.832359005E-3
2.552264650E1,1.769349724E-2,1.351362932E-2,-1.372662745E-2
2.553264150E1,8.121574298E-3,2.017213590E-2,-2.273373306E-2
2.554263550E1,-7.549264934E-3,1.923656836E-2,-3.800696135E-2
2.555263050E1,-2.234785631E-2,1.496632025E-2,-5.827830732E-2
2.556262550E1,-3.065851703E-2,8.546503261E-3,-7.272861898E-2
2.557262050E1,-3.730188683E-2,2.260419074E-3,-8.225843310E-2
2.558261450E1,-3.756980225E-2,-3.082414623E-3,-9.335209429E-2
2.559260950E1,-3.872397542E-2,-8.600993082E-3,-9.601404518E-2
2.560260450E1,-3.877563775E-2,-1.416726690E-2,-9.649661183E-2
2.561259950E1,-3.840145469E-2,-1.983147301E-2,-9.468861669E-2
2.562259350E1,-4.576269910E-2,-2.492290363E-2,-8.959265798E-2
2.563258850E1,-5.289787799E-2,-3.237707913E-2,-8.416689932E-2
2.564258350E1,-5.614986271E-2,-4.212025180E-2,-7.446393371E-2
2.565257850E1,-5.375800654E-2,-4.726687446E-2,-6.529672444E-2
2.566257250E1,-4.274956509E-2,-5.132579803E-2,-4.921815917E-2
2.567256750E1,-3.196968138E-2,-4.581984133E-2,-3.367179632E-2
2.568256250E1,-2.029251866E-2,-3.421804681E-2,-1.563660055E-2
2.569255750E1,-4.564914852E-3,-2.255314961E-2,1.694881357E-3
2.570255250E1,1.379260560E-3,-9.305788204E-3,1.687516645E-2
2.571254650E1,4.944734275E-3,5.012114532E-3,2.702784725E-2
2.572254150E1,7.251564413E-3,1.557527669E-2,3.793482110E-2
2.573253650E1,1.490968931E-2,1.680712402E-2,4.898443818E-2
2.574253150E1,2.441291325E-2,1.515676454E-2,5.452461168E-2
2.575252550E1,3.453050554E-2,1.521946862E-2,5.813192204E-2
2.576252050E1,3.955562413E-2,1.761657931E-2,5.889012665E-2
2.577251550E1,4.608679935E-2,1.594410278E-2,6.024503708E-2
2.578251050E1,4.538825154E-2,1.872417517E-2,5.712221563E-2
2.579250450E1,4.101768509E-2,1.577090099E-2,5.440327525E-2
2.580249950E1,3.818061948E-2,1.619247906E-2,4.470670596E-2
2.581249450E1,2.859007567E-2,1.406989247E-2,3.203849494E-2
2.582248950E1,2.345070802E-2,1.057262905E-2,1.500518154E-2
2.583248350E1,1.887541264E-2,9.056866169E-3,-4.720897414E-4
2.584247850E1,6.472006440E-3,1.359531190E-3,-9.597677737E-3
2.585247350E1,1.388531877E-3,-8.843522519E-3,-1.617399789E-2
2.586246850E1,-2.396352589E-3,-2.183575369E-2,-2.689721622E-2
2.587246350E1,-5.015788134E-3,-3.389901668E-2,-4.000409320E-2
2.588245750E1,-1.302657649E-2,-4.703266174E-2,-4.903460667E-2
2.589245250E1,-1.878140680E-2,-6.127261743E-2,-5.835219100E-2
2.590244750E1,-2.188292332E-2,-7.066106051E-2,-6.550890952E-2
2.591244250E1,-2.978205122E-2,-7.354079932E-2,-6.993234158E-2
2.592243650E1,-3.739123419E-2,-6.790022552E-2,-7.578836381E-2
2.593243150E1,-4.518396035E-2,-6.623097509E-2,-8.316440135E-2
2.594242650E1,-4.566199705E-2,-6.200853735E-2,-8.854345977E-2
2.595242150E1,-4.910417646E-2,-6.383655220E-2,-9.371360391E-2
2.596241550E1,-5.650749803E-2,-6.536920369E-2,-9.218814969E-2
2.597241050E1,-5.679481849E-2,-6.687899679E-2,-9.328492731E-2
2.598240550E1,-6.071712449E-2,-6.728965789E-2,-9.476564080E-2
2.599240050E1,-5.770622566E-2,-6.436944008E-2,-9.353081137E-2
2.600239450E1,-5.241878331E-2,-4.639523104E-2,-9.297287464E-2
2.601238950E1,-4.392112046E-2,-2.362621017E-2,-8.624666184E-2
2.602238450E1,-2.771285549E-2,-9.158374742E-4,-7.553463429E-2
2.603237950E1,-1.308470499E-2,2.057733759E-2,-5.444809049E-2
2.604237350E1,9.877043776E-4,3.481033444E-2,-2.700448222E-2
2.605236850E1,2.199508715E-3,3.405496478E-2,-1.355942525E-2
2.606236350E1,6.465093698E-3,2.040972747E-2,-3.023480810E-2
2.607235850E1,2.212796547E-2,2.717510052E-2,-3.624268994E-2
2.608235350E1,3.741930425E-2,5.775138736E-2,-2.485793550E-3
2.609234750E1,5.722733214E-2,9.350414574E-2,4.563733190E-2
2.610234250E1,7.579622418E-2,1.144512370E-1,8.579780161E-2
2.611233750E1,8.501874655E-2,1.089195088E-1,9.600146860E-2
2.612233250E1,8.932267874E-2,8.106710762E-2,9.292364866E-2
2.613232650E1,7.235915959E-2,3.993023559E-2,8.642520010E-2
2.614232150E1,5.265923217E-2,-7.498797029E-3,9.645146877E-2
2.615231650E1,3.066146560E-2,-4.538555443E-2,1.099154949E-1
2.616231150E1,1.930441521E-2,-7.316951454E-2,1.125509590E-1
2.617230550E1,2.063164487E-2,-9.347646683E-2,1.045633331E-1
2.618230050E1,1.961937547E-2,-1.074135900E-1,9.160838276E-2
2.619229550E1,1.902054995E-2,-1.248666123E-1,8.607640117E-2
2.620229050E1,1.464950386E-2,-1.421763599E-1,8.670916408E-2
2.621228450E1,-9.962902404E-4,-1.516923010E-1,8.533414453E-2
2.622227950E1,-2.022085153E-2,-1.608567685E-1,8.016681671E-2
2.623227450E1,-4.833716527E-2,-1.720611453E-1,7.582103461E-2
2.624226950E1,-7.955047488E-2,-1.839984953E-1,7.246945053E-2
2.625226450E1,-1.116053388E-1,-2.018091232E-1,6.752339751E-2
2.626225850E1,-1.450668871E-1,-2.269232720E-1,5.424115062E-2
2.627225350E1,-1.831879169E-1,-2.454812378E-1,3.999563679E-2
2.628224850E1,-2.126794904E-1,-2.900079489E-1,3.309085593E-2
2.629224350E1,-2.229937166E-1,-3.634011745E-1,3.222152591E-2
2.630223750E1,-2.031547725E-1,-4.126501977E-1,2.874423936E-2
2.631223250E1,-1.373183280E-1,-3.982278407E-1,2.714778483E-2
2.632222750E1,-7.074382901E-2,-3.203580678E-1,4.583732039E-2
2.633222250E1,3.825102234E-3,-1.926000118E-1,7.113548368E-2
2.634221650E1,6.854844093E-2,-3.875026479E-2,9.183464199E-2
2.635221142E1,1.128407940E-1,1.170297116E-1,1.100661233E-1
2.636220642E1,1.313825250E-1,2.472013086E-1,1.163005829E-1
2.637220142E1,1.267686635E-1,3.298521340E-1,1.152988002E-1
2.638219642E1,1.118610874E-1,3.646993339E-1,1.093471646E-1
2.639219042E1,9.149634838E-2,3.529604375E-1,1.050207764E-1
2.640218542E1,8.187621087E-2,3.036631942E-1,9.890136868E-2
2.641218042E1,7.222940773E-2,2.406746596E-1,8.586822450E-2
2.642217542E1,6.061669812E-2,1.832561046E-1,7.335030288E-2
2.643216942E1,5.131270364E-2,1.298756301E-1,7.464160025E-2
2.644216442E1,4.059667513E-2,8.215843141E-2,7.714443654E-2
2.645215942E1,3.681209311E-2,5.155706406E-2,8.076544851E-2
2.646215442E1,2.538499981E-2,3.846523166E-2,7.986263931E-2
2.647214842E1,1.098738518E-2,3.687297925E-2,7.290894538E-2
2.648214342E1,-1.054795575E-4,3.956889734E-2,6.627794355E-2
2.649213842E1,-1.740957797E-2,4.280952364E-2,6.212805584E-2
2.650213342E1,-3.607567400E-2,3.822196275E-2,5.685473233E-2
2.651212742E1,-5.663236603E-2,2.540566027E-2,5.989291146E-2
2.652212242E1,-7.075510919E-2,7.342769299E-3,6.766001880E-2
2.653211742E1,-8.316570520E-2,-2.730415761E-2,6.722885370E-2
2.654211242E1,-7.889186591E-2,-6.583423913E-2,6.427673995E-2
2.655210742E1,-7.174261659E-2,-1.077151820E-1,5.965778232E-2
2.656210142E1,-5.240327865E-2,-1.448042244E-1,6.403867900E-2
2.657209642E1,-4.111812264E-2,-1.619581133E-1,6.047720835E-2
2.658209142E1,-4.130161554E-2,-1.559252590E-1,2.984046936E-2
2.659208642E1,-3.569063544E-2,-1.326193511E-1,-1.407363638E-2
2.660208042E1,-3.846884519E-2,-1.017354652E-1,-5.785680562E-2
2.661207542E1,-2.199184150E-2,-3.745906521E-3,-4.492801428E-2
2.662207042E1,4.775589798E-3,1.262611002E-1,1.807864755E-2
2.663206542E1,3.171104565E-2,2.394695282E-1,7.749915123E-2
2.664205942E1,6.601416320E-2,3.042469323E-1,1.061020344E-1
2.665205442E1,8.845988661E-2,2.896858156E-1,1.063106284E-1
2.666204942E1,9.900280833E-2,2.221288681E-1,8.415765315E-2
2.667204442E1,1.018725559E-1,1.291225404E-1,6.108847633E-2
2.668203942E1,9.572757781E-2,4.656402767E-2,4.663097113E-2
2.669203342E1,8.224346489E-2,-9.241181426E-3,4.069451988E-2
2.670202842E1,7.136258483E-2,-3.210575134E-2,3.397962824E-2
2.671202342E1,6.169191748E-2,-3.673898801E-2,2.570316195E-2
2.672201842E1,5.256073549E-2,-2.932874300E-2,1.765855215E-2
2.673201242E1,4.447050020E-2,-1.679698005E-2,1.020990871E-2
2.674200742E1,3.393450007E-2,-1.603646437E-3,1.192179509E-3
2.675200242E1,2.198789455E-2,1.209848374E-2,-1.425486337E-2
2.676199742E1,7.328257896E-3,1.889673620E-2,-2.896616608E-2
2.677199142E1,-6.214249413E-3,1.543072984E-2,-3.606731072E-2
2.678198642E1,-1.160528604E-2,9.704135358E-3,-4.661076516E-2
2.679198142E1,-1.474195160E-2,-1.051667705E-2,-6.365421414E-2
2.680197642E1,-1.454541087E-2,-3.899386153E-2,-7.794446498E-2
2.681197042E1,-1.866179705E-2,-6.570070982E-2,-1.002920046E-1
2.682196542E1,-2.283443883E-2,-9.038154781E-2,-1.232215613E-1
2.683196042E1,-2.476879582E-2,-1.082712263E-1,-1.495471597E-1
2.684195542E1,-2.741571143E-2,-1.209590584E-1,-1.662193388E-1
2.685194942E1,-2.863012441E-2,-1.283904165E-1,-1.784679890E-1
2.686194442E1,-2.984665707E-2,-1.230521053E-1,-1.804848015E-1
2.687193942E1,-2.908917703E-2,-1.095333919E-1,-1.792048216E-1
2.688193442E1,-2.170236781E-2,-9.042627364E-2,-1.794860512E-1
2.689192942E1,-2.582973428E-2,-8.196008950E-2,-1.793334633E-1
2.690192342E1,-2.963432670E-2,-8.071772009E-2,-1.809566617E-1
2.691191842E1,-3.722111136E-2,-8.257003874E-2,-1.756133586E-1
2.692191342E1,-3.926349059E-2,-9.780811518E-2,-1.630669385E-1
2.693190842E1,-3.558912501E-2,-1.240868568E-1,-1.414527297E-1
2.694190242E1,-3.018237650E-2,-1.391145438E-1,-1.210206971E-1
2.695189742E1,-2.204907127E-2,-1.474541575E-1,-1.023634151E-1
2.696189242E1,-1.466465835E-2,-1.649031788E-1,-8.537723869E-2
2.697188742E1,-9.192445315E-3,-1.893582493E-1,-6.237352639E-2
2.698188142E1,-6.823146832E-4,-2.131277621E-1,-5.310092866E-2
2.699187642E1,4.165992141E-3,-2.240327299E-1,-4.844444990E-2
2.700187142E1,3.016039496E-3,-2.267121375E-1,-3.759926185E-2
2.701186642E1,-3.068506951E-3,-2.116899341E-1,-2.063832805E-2
2.702186142E1,-2.238547988E-2,-1.873046905E-1,-2.774417587E-2
2.703185542E1,-5.132474750E-2,-1.219319925E-1,-3.511253744E-2
2.704185042E1,-5.951583013E-2,-3.909750376E-3,-3.639298026E-3
2.705184542E1,-5.415432155E-2,1.521977782E-1,7.455234975E-2
2.706184042E1,-3.155953065E-2,3.073503375E-1,1.443386376E-1
2.707183442E1,-1.737133041E-2,3.935975134E-1,1.830898970E-1
2.708182942E1,-2.305877581E-2,4.038514793E-1,1.899219751E-1
2.709182442E1,-3.384957090E-2,3.596296012E-1,1.797192246E-1
2.710181942E1,-5.031270161E-2,2.707844377E-1,1.844804287E-1
2.711181342E1,-6.714895368E-2,1.574516296E-1,1.827717870E-1
2.712180842E1,-5.578791350E-2,3.285723552E-2,1.626039296E-1
2.713180342E1,-4.522686824E-2,-6.643731892E-2,1.365621835E-1
2.714179842E1,-3.199255839E-2,-1.226609126E-1,1.103854328E-1
2.715179242E1,-1.758832112E-2,-1.417230666E-1,9.052971750E-2
2.716178742E1,-1.243963279E-2,-1.188070849E-1,9.946009517E-2
2.717178242E1,-1.594460756E-2,-7.801724970E-2,1.247907281E-1
2.718177742E1,-1.476136502E-2,-5.818601325E-2,1.522694975E-1
2.719177242E1,-3.007157892E-2,-8.425681293E-2,1.574753523E-1
2.720176642E1,-4.995234311E-2,-1.572695076E-1,1.268087775E-1
2.721176142E1,-8.037208766E-2,-2.369455099E-1,7.177497447E-2
2.722175642E1,-1.278695762E-1,-3.088705838E-1,5.982111208E-3
2.723175142E1,-1.798470020E-1,-3.677229285E-1,-4.335908592E-2
2.724174542E1,-2.283524871E-1,-4.218759239E-1,-6.961918622E-2
2.725174042E1,-2.522631288E-1,-4.667502344E-1,-8.746857941E-2
2.726173542E1,-2.450454235E-1,-5.108599067E-1,-1.237703934E-1
2.727173042E1,-2.158688903E-1,-5.360561013E-1,-1.984893680E-1
2.728172442E1,-1.474943608E-1,-4.465278089E-1,-2.601173222E-1
2.729171942E1,-6.733646244E-2,-2.411459684E-1,-2.594364583E-1
2.730171442E1,5.092461593E-3,-3.776822239E-3,-1.946140528E-1
2.731170942E1,6.612255424E-2,2.195518315E-1,-1.349244416E-1
2.732170342E1,1.053621024E-1,3.863131106E-1,-1.025920808E-1
2.733169842E1,1.412743181E-1,4.691724777E-1,-9.924962372E-2
2.734169342E1,1.665064394E-1,4.687660635E-1,-1.218939498E-1
2.735168854E1,1.701253653E-1,4.099006057E-1,-1.690551937E-1
2.736168354E1,1.627713144E-1,3.103513718E-1,-2.049061358E-1
2.737167754E1,1.502094418E-1,2.251088172E-1,-2.100406736E-1
2.738167254E1,1.537860632E-1,2.033153772E-1,-1.756323725E-1
2.739166754E1,1.807495952E-1,1.983877718E-1,-1.185011491E-1
2.740166254E1,2.223140746E-1,1.725244820E-1,-6.595085561E-2
2.741165654E1,2.696620524E-1,1.257203370E-1,-3.849525377E-2
2.742165154E1,3.114659786E-1,7.334768027E-2,-4.780460149E-2
2.743164654E1,3.356174231E-1,1.352282800E-2,-7.684946805E-2
2.744164154E1,3.348059654E-1,-5.272463709E-2,-1.012083367E-1
2.745163554E1,3.188588917E-1,-1.103434414E-1,-1.230821088E-1
2.746163054E1,2.902520299E-1,-1.505145580E-1,-1.408986449E-1
2.747162554E1,2.425922006E-1,-1.659906805E-1,-1.593348831E-1
2.748162054E1,1.844942719E-1,-1.734640449E-1,-1.797956824E-1
2.749161454E1,1.211312786E-1,-1.558267325E-1,-2.080646008E-1
2.750160954E1,4.319280386E-2,-1.125924364E-1,-2.359750569E-1
2.751160454E1,-2.484307252E-2,-6.713958085E-2,-2.577346861E-1
2.752159954E1,-7.236398757E-2,-1.448569633E-2,-2.599698901E-1
2.753159454E1,-1.114647612E-1,6.380259991E-2,-2.219700962E-1
2.754158854E1,-1.039389372E-1,1.509172618E-1,-1.277991086E-1
2.755158354E1,-9.065669775E-2,2.250446379E-1,-1.922333241E-2
2.756157854E1,-6.688505411E-2,2.369236648E-1,4.729683697E-2
2.757157354E1,-4.038308188E-2,1.933297217E-1,7.872303575E-2
2.758156754E1,-2.651653625E-2,1.188371107E-1,9.017729759E-2
2.759156254E1,-1.886688359E-2,3.480098769E-2,8.572531492E-2
2.760155754E1,-1.911881752E-2,-2.064282820E-2,8.298598975E-2
2.761155254E1,-2.825107425E-2,-1.583882421E-2,7.845598459E-2
2.762154654E1,-4.924157634E-2,2.983545512E-2,9.208045155E-2
2.763154154E1,-6.765445322E-2,8.049328625E-2,1.176738143E-1
2.764153654E1,-9.219920635E-2,1.262911260E-1,1.432018131E-1
2.765153154E1,-1.059226617E-1,1.372774392E-1,1.696159095E-1
2.766152654E1,-1.082646474E-1,1.163202226E-1,1.901440769E-1
2.767152054E1,-1.100913659E-1,8.325751871E-2,1.979963034E-1
2.768151554E1,-1.049839556E-1,3.181723133E-2,1.908254623E-1
2.769151054E1,-1.060060933E-1,-2.573614754E-2,1.780615002E-1
2.770150554E1,-1.042539999E-1,-7.237555832E-2,1.636934727E-1
2.771149954E1,-1.117717847E-1,-9.546190500E-2,1.509892642E-1
2.772149454E1,-1.127986982E-1,-1.064104289E-1,1.380556226E-1
2.773148954E1,-1.167156398E-1,-1.024636701E-1,1.246601045E-1
2.774148454E1,-1.281486005E-1,-7.261549681E-2,1.171981916E-1
2.775147854E1,-1.363601685E-1,-5.425692350E-2,1.176218688E-1
2.776147354E1,-1.393346637E-1,-5.668253079E-2,1.156511307E-1
2.777146854E1,-1.425323486E-1,-7.515176386E-2,1.152048782E-1
2.778146354E1,-1.423810720E-1,-9.803604335E-2,1.217445359E-1
2.779145754E1,-1.392825097E-1,-1.334577948E-1,1.228846684E-1
2.780145254E1,-1.455454677E-1,-1.658892334E-1,1.161442101E-1
2.781144754E1,-1.462634653E-1,-1.902590543E-1,1.106314808E-1
2.782144254E1,-1.362331957E-1,-2.062907517E-1,1.108365431E-1
2.783143754E1,-1.331399083E-1,-2.059116513E-1,1.130562350E-1
2.784143154E1,-1.256489754E-1,-1.944808364E-1,1.033665910E-1
2.785142654E1,-1.119667664E-1,-1.756531298E-1,9.152603894E-2
2.786142154E1,-1.110615581E-1,-1.408115327E-1,8.353415877E-2
2.787141654E1,-1.211762577E-1,-9.791158140E-2,8.439201117E-2
2.788141054E1,-1.260351986E-1,-6.070481986E-2,9.411547333E-2
2.789140554E1,-1.405277699E-1,-3.339888901E-2,1.033825278E-1
2.790140054E1,-1.565120667E-1,-2.501419000E-2,1.141078770E-1
2.791139554E1,-1.719727963E-1,-3.470443934E-2,1.147622466E-1
2.792138954E1,-1.777369380E-1,-6.624957919E-2,1.155233756E-1
2.793138454E1,-1.814978719E-1,-1.140014976E-1,1.230343282E-1
2.794137954E1,-1.742514074E-1,-1.695654392E-1,1.306041032E-1
2.795137454E1,-1.665091068E-1,-2.050831914E-1,1.319475025E-1
2.796136854E1,-1.589132398E-1,-2.380541861E-1,1.147597209E-1
2.797136354E1,-1.555392742E-1,-2.663744390E-1,7.316191494E-2
2.798135854E1,-1.298685223E-1,-2.175336778E-1,4.959001020E-2
2.799135354E1,-9.354189038E-2,-9.270995855E-2,6.611295044E-2
2.800134854E1,-6.098475307E-2,4.365907237E-2,1.042451560E-1
2.801134254E1,-2.955286764E-2,1.712503880E-1,1.267602444E-1
2.802133754E1,-6.847821176E-3,2.593570650E-1,1.293389797E-1
2.803133254E1,8.559902199E-6,2.867241800E-1,1.233437508E-1
2.804132754E1,-5.186468363E-3,2.502183914E-1,1.108625755E-1
2.805132154E1,-1.768201403E-2,1.667080671E-1,9.206437320E-2
2.806131654E1,-3.131446615E-2,6.425439566E-2,8.003167808E-2
2.807131154E1,-3.593019396E-2,-3.077344969E-2,6.626804173E-2
2.808130654E1,-3.892412037E-2,-1.073084399E-1,5.530406907E-2
2.809130054E1,-3.514603153E-2,-1.581628919E-1,4.576656967E-2
2.810129554E1,-2.853526734E-2,-1.839452237E-1,4.187036678E-2
2.811129054E1,-2.072851919E-2,-1.713436991E-1,4.004488885E-2
2.812128554E1,-1.607943885E-2,-1.432604045E-1,4.040042311E-2
2.813128054E1,-1.681281999E-2,-1.033267379E-1,3.598608077E-2
2.814127454E1,-1.649377309E-2,-6.219368428E-2,3.380522132E-2
2.815126954E1,-1.778088510E-2,-2.527405135E-2,3.211678937E-2
2.816126454E1,-1.737022586E-2,-3.079001326E-3,3.400736675E-2
2.817125954E1,-1.116527058E-2,1.335549168E-3,3.569486737E-2
2.818125354E1,5.760183092E-3,-8.524006233E-3,3.707757965E-2
2.819124854E1,2.356469072E-2,-3.300254419E-2,3.494240344E-2
2.820124354E1,4.325716570E-2,-6.236629561E-2,2.958465740E-2
2.821123854E1,4.718565941E-2,-9.450837970E-2,2.022188716E-2
2.822123254E1,4.678139091E-2,-1.180006564E-1,1.334853470E-2
2.823122754E1,3.641767800E-2,-1.321829408E-1,2.874646336E-3
2.824122254E1,3.451751173E-2,-1.387159377E-1,-8.881345391E-3
2.825121754E1,2.754803747E-2,-1.335809976E-1,-2.340254188E-2
2.826121154E1,1.394008286E-2,-1.129201800E-1,-4.233362153E-2
2.827120654E1,1.804289874E-3,-8.548025042E-2,-6.783516705E-2
2.828120154E1,-5.675464403E-3,-4.589582980E-2,-7.897037268E-2
2.829119654E1,-6.858190522E-3,-5.909639411E-3,-7.119230181E-2
2.830119054E1,-1.499228366E-2,4.030526057E-2,-5.558085442E-2
2.831118554E1,-2.692993730E-2,7.302304357E-2,-5.686094612E-2
2.832118054E1,-4.430653155E-2,7.264807075E-2,-8.984366059E-2
2.833117554E1,-5.139183626E-2,1.074403524E-1,-9.629046917E-2
2.834117054E1,-4.540584981E-2,1.493779421E-1,-5.471585691E-2
2.835116462E1,-4.025103524E-2,1.996163428E-1,1.286584977E-2
2.836115962E1,-2.197668888E-2,2.355831563E-1,5.627324432E-2
2.837115462E1,-3.521000035E-3,2.332149446E-1,7.710799575E-2
2.838114962E1,1.098870020E-2,1.934089512E-1,8.196773380E-2
2.839114362E1,2.086613700E-2,1.201672107E-1,7.141085714E-2
2.840113862E1,2.466513589E-2,5.023313686E-2,5.445691198E-2
2.841113362E1,2.225397900E-2,-1.827334054E-4,4.356467351E-2
2.842112862E1,1.983529702E-2,-2.340576425E-2,4.337159544E-2
2.843112362E1,1.358742919E-2,-1.896125823E-2,4.509302601E-2
2.844111762E1,1.575364359E-2,4.419697449E-3,5.342658982E-2
2.845111262E1,1.980327629E-2,3.612321615E-2,5.873526633E-2
2.846110762E1,2.709847316E-2,7.035575062E-2,6.212174147E-2
2.847110262E1,4.128061980E-2,9.477145225E-2,6.900516152E-2
2.848109662E1,6.483388692E-2,1.082331985E-1,7.795977592E-2
2.849109162E1,8.751388639E-2,1.093016267E-1,8.818286657E-2
2.850108662E1,1.102690026E-1,9.508327395E-2,9.515449405E-2
2.851108162E1,1.411134899E-1,7.622264326E-2,8.793088049E-2
2.852107562E1,1.668899655E-1,5.995711684E-2,7.130583376E-2
2.853107062E1,1.947694868E-1,5.501487851E-2,3.821986914E-2
2.854106562E1,2.258501798E-1,6.957118213E-2,9.978377260E-3
2.855106062E1,2.736536264E-1,1.022695601E-1,-4.873998929E-3
2.856105462E1,3.465768397E-1,1.305968165E-1,-5.088915583E-3
2.857104962E1,4.304339588E-1,1.480737180E-1,-9.751384147E-3
2.858104462E1,5.235958695E-1,1.779621094E-1,-3.308600187E-2
2.859103962E1,6.043215394E-1,2.283561677E-1,-7.079391181E-2
2.860103462E1,6.772426367E-1,2.814702392E-1,-1.269855350E-1
2.861102862E1,7.329272628E-1,3.406577706E-1,-1.806989759E-1
2.862102362E1,7.905985117E-1,3.953923881E-1,-2.233843952E-1
2.863101862E1,8.550832272E-1,4.358628988E-1,-2.605617642E-1
2.864101362E1,9.209941030E-1,4.572784305E-1,-2.924270332E-1
2.865100762E1,9.810579419E-1,4.443329871E-1,-3.427560627E-1
2.866100262E1,1.034585118E0,4.164480865E-1,-4.050223529E-1
2.867099762E1,1.075801730E0,3.816992640E-1,-4.759457111E-1
2.868099262E1,1.114144325E0,3.337764740E-1,-5.407582521E-1
2.869098662E1,1.143958569E0,2.736604810E-1,-5.980730057E-1
2.870098162E1,1.170315266E0,2.126557082E-1,-6.421416998E-1
2.871097662E1,1.185372710E0,1.508933008E-1,-6.818715334E-1
2.872097162E1,1.198610783E0,1.145209149E-1,-7.163640261E-1
2.873096562E1,1.202565312E0,1.154060215E-1,-7.433959246E-1
2.874096062E1,1.190582395E0,1.342737228E-1,-7.536988854E-1
2.875095562E1,1.167714596E0,1.659256369E-1,-7.419957519E-1
2.876095062E1,1.128047109E0,2.006372809E-1,-7.229299545E-1
2.877094562E1,1.088843465E0,2.203025967E-1,-6.901733279E-1
2.878093962E1,1.052301407E0,2.157675028E-1,-6.578564048E-1
2.879093462E1,1.014042616E0,1.952296495E-1,-6.313832998E-1
2.880092962E1,9.703763127E-1,1.432181150E-1,-6.017715931E-1
2.881092462E1,9.319372177E-1,7.633042336E-2,-5.651656985E-1
2.882091862E1,8.891556859E-1,-3.958558198E-3,-5.348581076E-1
2.883091362E1,8.566240668E-1,-9.465065598E-2,-5.015037656E-1
2.884090862E1,8.255000114E-1,-1.724620908E-1,-4.819817245E-1
2.885090362E1,7.975222468E-1,-2.309496105E-1,-4.682355821E-1
2.886089762E1,7.630822062E-1,-2.543457448E-1,-4.603883028E-1
2.887089262E1,7.245305777E-1,-2.437669635E-1,-4.491665959E-1
2.888088762E1,6.841959357E-1,-2.048360705E-1,-4.416199923E-1
2.889088262E1,6.382068396E-1,-1.367983520E-1,-4.281944036E-1
2.890087662E1,5.893778205E-1,-5.272047967E-2,-4.184850454E-1
2.891087162E1,5.331931114E-1,3.074994683E-2,-4.056262374E-1
2.892086662E1,4.889742136E-1,1.023037583E-1,-3.943075538E-1
2.893086162E1,4.454365671E-1,1.533887833E-1,-3.833102882E-1
2.894085662E1,4.101222754E-1,1.821482629E-1,-3.697547913E-1
2.895085062E1,3.844776452E-1,1.915813833E-1,-3.535881639E-1
2.896084562E1,3.590055704E-1,1.836749911E-1,-3.360443413E-1
2.897084062E1,3.238489330E-1,1.523606479E-1,-3.230017424E-1
2.898083562E1,3.002911508E-1,1.154023558E-1,-3.080020249E-1
2.899082962E1,2.700668573E-1,7.569482923E-2,-2.870758176E-1
2.900082462E1,2.438096851E-1,3.516551852E-2,-2.664794624E-1
2.901081962E1,2.188439667E-1,1.554168575E-2,-2.482071668E-1
2.902081462E1,1.867094636E-1,2.035162039E-2,-2.377004623E-1
2.903080862E1,1.484960020E-1,5.528192222E-2,-2.282293588E-1
2.904080362E1,1.071307138E-1,1.165721789E-1,-2.186377198E-1
2.905079862E1,5.958960578E-2,1.890442669E-1,-1.948656589E-1
2.906079362E1,6.656614598E-3,2.629049122E-1,-1.640036255E-1
2.907078762E1,-4.614407197E-2,3.235199749E-1,-1.220445856E-1
2.908078262E1,-9.412810951E-2,3.470423222E-1,-6.932251155E-2
2.909077762E1,-1.575973779E-1,3.279689252E-1,1.412960701E-4
2.910077262E1,-2.127471864E-1,2.598465979E-1,6.853979826E-2
2.911076762E1,-2.725697458E-1,1.530368626E-1,1.316188723E-1
2.912076162E1,-3.216177225E-1,1.968094148E-2,1.920177639E-1
2.913075662E1,-3.632562459E-1,-1.151633114E-1,2.537082434E-1
2.914075162E1,-3.968541622E-1,-2.265050113E-1,3.146229982E-1
2.915074662E1,-4.169569910E-1,-2.967902422E-1,3.645012975E-1
2.916074062E1,-4.365778267E-1,-3.106120527E-1,4.121822417E-1
2.917073562E1,-4.486563206E-1,-2.707801759E-1,4.593428075E-1
2.918073062E1,-4.585539699E-1,-1.960481256E-1,4.956984222E-1
2.919072562E1,-4.664622545E-1,-1.023838669E-1,5.346592069E-1
2.920071962E1,-4.695970714E-1,-7.454492152E-5,5.652716756E-1
2.921071462E1,-4.663469493E-1,9.031017870E-2,5.934749246E-1
2.922070962E1,-4.543803036E-1,1.556250006E-1,6.104294062E-1
2.923070462E1,-4.541919827E-1,1.902649850E-1,6.222608685E-1
2.924069962E1,-4.480872154E-1,2.057611197E-1,6.320003271E-1
2.925069362E1,-4.406757355E-1,1.884598136E-1,6.414968967E-1
2.926068862E1,-4.317948818E-1,1.539825350E-1,6.542004347E-1
2.927068362E1,-4.370953441E-1,1.208132356E-1,6.707513928E-1
2.928067862E1,-4.592547119E-1,9.551134706E-2,6.834152341E-1
2.929067262E1,-4.968765974E-1,7.860047370E-2,6.950826049E-1
2.930066762E1,-5.601413250E-1,7.668486238E-2,7.079198956E-1
2.931066262E1,-6.441741586E-1,8.206737787E-2,7.142592669E-1
2.932065762E1,-7.350542545E-1,8.256219327E-2,7.165402770E-1
2.933065162E1,-8.322098851E-1,8.252108097E-2,7.157534957E-1
2.934064662E1,-9.325679541E-1,8.764713258E-2,7.192251682E-1
2.935064162E1,-1.033348799E0,8.940923214E-2,7.342789173E-1
2.936063675E1,-1.130342722E0,7.801649719E-2,7.492203116E-1
2.937063075E1,-1.221082568E0,5.048185214E-2,7.483838797E-1
2.938062575E1,-1.286655664E0,4.799318966E-3,7.420244813E-1
2.939062075E1,-1.323011160E0,-5.749318004E-2,7.389427423E-1
2.940061575E1,-1.324923635E0,-1.266810447E-1,7.376831174E-1
2.941061075E1,-1.302884221E0,-1.975035369E-1,7.268345356E-1
2.942060475E1,-1.271409869E0,-2.613469660E-1,6.974862814E-1
2.943059975E1,-1.234071612E0,-3.201740980E-1,6.766910553E-1
2.944059475E1,-1.178697824E0,-3.606661260E-1,6.648674607E-1
2.945058975E1,-1.110859752E0,-3.743298948E-1,6.500812769E-1
2.946058375E1,-1.042501211E0,-3.627707064E-1,6.374725699E-1
2.947057875E1,-9.716112018E-1,-3.341582716E-1,6.191565990E-1
2.948057375E1,-8.943318725E-1,-2.950960696E-1,5.921415091E-1
2.949056875E1,-8.218932748E-1,-2.416053265E-1,5.497289300E-1
2.950056275E1,-7.500649095E-1,-1.717218608E-1,5.064131618E-1
2.951055775E1,-6.965908408E-1,-9.010425955E-2,4.685391486E-1
2.952055275E1,-6.423918009E-1,-6.139046047E-3,4.291781485E-1
2.953054775E1,-5.943349600E-1,7.586599141E-2,3.859485686E-1
2.954054175E1,-5.526344180E-1,1.425326318E-1,3.351248205E-1
2.955053675E1,-5.163747072E-1,1.894581914E-1,2.848196328E-1
2.956053175E1,-4.795320332E-1,1.969267577E-1,2.333316803E-1
2.957052675E1,-4.444555640E-1,1.662437022E-1,1.804179698E-1
2.958052175E1,-4.107393920E-1,1.178748235E-1,1.202861816E-1
2.959051575E1,-3.778072298E-1,6.724343449E-2,5.832412839E-2
2.960051075E1,-3.509724140E-1,2.543340623E-2,-6.546478719E-3
2.961050575E1,-3.267938197E-1,2.977049444E-3,-5.796607956E-2
2.962050075E1,-3.116098046E-1,-7.202884182E-3,-9.465672076E-2
2.963049475E1,-2.984303832E-1,-1.387101412E-2,-1.271043569E-1
2.964048975E1,-2.818253040E-1,-1.526651159E-2,-1.534600705E-1
2.965048475E1,-2.560271919E-1,-1.991880126E-2,-1.748655885E-1
2.966047975E1,-2.266056687E-1,-1.546519715E-2,-1.882865876E-1
2.967047375E1,-2.093809098E-1,-1.529131457E-2,-2.040704936E-1
2.968046875E1,-1.976976246E-1,-1.693901233E-2,-2.170518041E-1
2.969046375E1,-1.927875429E-1,-2.827464789E-2,-2.455186397E-1
2.970045875E1,-1.778874248E-1,1.232124586E-2,-2.296352834E-1
2.971045375E1,-1.564042419E-1,5.828477815E-2,-1.815295666E-1
2.972044775E1,-1.240590811E-1,1.172309220E-1,-1.299891323E-1
2.973044275E1,-8.967711031E-2,1.594064832E-1,-8.988252282E-2
2.974043775E1,-5.812770501E-2,1.628917605E-1,-6.542938203E-2
2.975043275E1,-4.281882942E-2,1.336300671E-1,-4.783006012E-2
2.976042675E1,-3.207936510E-2,7.753829658E-2,-3.116213530E-2
2.977042175E1,-2.853954583E-2,1.372247003E-2,-1.954368129E-2
2.978041675E1,-2.735071070E-2,-5.164615065E-2,-1.047721598E-2
2.979041175E1,-2.843992598E-2,-1.013422236E-1,-7.165885065E-3
2.980040575E1,-3.448477015E-2,-1.397098452E-1,-1.133426465E-2
2.981040075E1,-4.901173338E-2,-1.631858349E-1,-1.652276702E-2
2.982039575E1,-5.603981391E-2,-1.696828753E-1,-1.480129920E-2
2.983039075E1,-7.183990628E-2,-1.618527323E-1,-1.546124555E-2
2.984038475E1,-7.797769457E-2,-1.471139938E-1,-4.862664267E-3
2.985037975E1,-8.529230952E-2,-1.327506006E-1,6.060618907E-4
2.986037475E1,-9.631193429E-2,-1.269201338E-1,1.797826495E-3
2.987036975E1,-1.047956347E-1,-1.303296089E-1,-2.969407942E-3
2.988036475E1,-1.050243974E-1,-1.395827681E-1,-6.251221988E-3
2.989035875E1,-9.813562036E-2,-1.542872488E-1,-5.593377631E-3
2.990035375E1,-9.848769009E-2,-1.662054360E-1,-6.273282226E-3
2.991034875E1,-9.720777720E-2,-1.828302443E-1,-4.849541932E-3
2.992034375E1,-9.290650487E-2,-1.995429099E-1,-6.042371504E-3
2.993033775E1,-9.053017944E-2,-2.036402524E-1,-1.026931033E-2
2.994033275E1,-8.827607334E-2,-1.996833384E-1,-1.386990584E-2
2.995032775E1,-8.300781250E-2,-1.896440089E-1,-1.769606769E-2
2.996032275E1,-7.750944793E-2,-1.727097780E-1,-2.015496418E-2
2.997031675E1,-6.254069507E-2,-1.415938735E-1,-1.362203807E-2
2.998031175E1,-5.241801962E-2,-1.049836576E-1,-9.725566953E-3
2.999030675E1,-4.166193306E-2,-6.826993078E-2,5.038169213E-3
3.000030175E1,-2.681321092E-2,-4.582986981E-2,1.819525100E-2
3.001029675E1,-9.991621599E-3,-2.955981903E-2,2.187467366E-2
3.002029075E1,1.275630202E-2,-2.812996693E-2,2.997760847E-2
3.003028575E1,3.253902122E-2,-2.631767094E-2,3.643667698E-2
3.004028075E1,5.727206171E-2,-2.253385261E-2,5.299647897E-2
3.005027575E1,7.437565178E-2,-8.498182520E-3,5.885260552E-2
3.006026975E1,8.749544621E-2,1.928843930E-2,6.337492168E-2
3.007026475E1,9.328468144E-2,4.426103085E-2,5.774403736E-2
3.008025975E1,9.728794545E-2,5.263853818E-2,4.771217331E-2
3.009025475E1,9.144656360E-2,5.255487934E-2,3.895172104E-2
3.010024875E1,8.129006624E-2,4.219917953E-2,3.091136925E-2
3.011024375E1,6.802854687E-2,1.689166762E-2,1.419243030E-2
3.012023875E1,5.574311689E-2,-2.116969787E-2,1.623108517E-3
3.013023375E1,5.052680895E-2,-5.384756625E-2,-1.455486938E-2
3.014022775E1,4.218951613E-2,-8.166322112E-2,-3.555389494E-2
3.015022275E1,4.485962167E-2,-7.632534206E-2,-4.564545304E-2
3.016021775E1,5.255056545E-2,-3.926638514E-2,-4.160916805E-2
3.017021275E1,5.655249953E-2,2.270434238E-2,-2.405122668E-2
3.018020775E1,6.861422956E-2,8.344917744E-2,-5.561433733E-3
3.019020175E1,7.806686312E-2,1.297376901E-1,7.757523097E-3
3.020019675E1,8.749152720E-2,1.489161849E-1,1.651719213E-2
3.021019175E1,9.863764048E-2,1.507017314E-1,2.058867738E-2
3.022018675E1,1.065762565E-1,1.342575103E-1,2.942877263E-2
3.023018075E1,1.134744287E-1,1.036317423E-1,2.975488082E-2
3.024017575E1,1.251590401E-1,6.344943494E-2,2.898815647E-2
3.025017075E1,1.365962178E-1,3.411978856E-2,2.411600575E-2
3.026016575E1,1.448083371E-1,7.732123602E-3,1.469427347E-2
3.027015975E1,1.514862478E-1,-9.583539795E-4,-1.663746778E-3
3.028015475E1,1.560714096E-1,-3.095008200E-3,-1.952556893E-2
3.029014975E1,1.629066020E-1,1.133611985E-2,-3.096096404E-2
3.030014475E1,1.663660556E-1,3.602335975E-2,-3.545291722E-2
3.031013875E1,1.724471301E-1,6.412518024E-2,-4.775598273E-2
3.032013375E1,1.718497723E-1,7.702925801E-2,-5.205672234E-2
3.033012875E1,1.785884202E-1,7.583405077E-2,-5.288934335E-2
3.034012375E1,1.868681908E-1,6.558115780E-2,-5.018596724E-2
3.035011875E1,1.906186789E-1,4.729476199E-2,-5.333981663E-2
3.036011200E1,1.991455853E-1,2.260512859E-2,-6.454107165E-2
3.037010700E1,2.031650543E-1,-1.303278143E-3,-7.804404199E-2
3.038010200E1,2.094589025E-1,-1.429311186E-2,-9.389650822E-2
3.039009700E1,2.090222389E-1,-2.161969058E-2,-1.056601852E-1
3.040009100E1,2.101101428E-1,-1.382861286E-2,-1.104826406E-1
3.041008600E1,2.083092481E-1,1.381962653E-2,-1.028429195E-1
3.042008100E1,2.085598558E-1,3.932711855E-2,-9.118387103E-2
3.043007600E1,1.967546642E-1,5.931700766E-2,-8.410670608E-2
3.044007000E1,1.872005761E-1,6.015670300E-2,-7.353076339E-2
3.045006500E1,1.789402068E-1,4.454793036E-2,-6.065800413E-2
3.046006000E1,1.679576039E-1,1.709899493E-2,-5.383338779E-2
3.047005500E1,1.558109075E-1,-2.152147703E-2,-5.711089447E-2
3.048005000E1,1.398772150E-1,-5.585841089E-2,-7.287494838E-2
3.049004400E1,1.246469244E-1,-8.694829047E-2,-8.769426495E-2
3.050003900E1,1.094767600E-1,-1.004079059E-1,-9.537854791E-2
3.051003400E1,1.007002518E-1,-1.006527841E-1,-8.818892390E-2
3.052002900E1,9.077491611E-2,-9.560263157E-2,-6.407133490E-2
3.053002300E1,8.247842640E-2,-8.909616619E-2,-3.277161345E-2
3.054001800E1,7.382182032E-2,-9.935332835E-2,-1.508369576E-2
3.055001300E1,5.918100104E-2,-1.209169924E-1,-1.596417092E-2
3.056000800E1,4.042143002E-2,-1.576118767E-1,-2.235815302E-2
3.057000200E1,2.154437825E-2,-1.951038241E-1,-2.917948551E-2
3.057999700E1,3.707058029E-3,-2.238619626E-1,-2.653123625E-2
3.058999200E1,-6.963368971E-3,-2.381981611E-1,-1.735121943E-2
3.059998700E1,-2.040940337E-2,-2.443705648E-1,-5.608542822E-3
3.060998100E1,-4.331128299E-2,-2.349865586E-1,2.192995511E-3
3.061997600E1,-6.696601957E-2,-2.141646445E-1,9.028530680E-3
3.062997100E1,-9.321834147E-2,-1.933679730E-1,1.315763034E-2
3.063996600E1,-1.125843152E-1,-1.847933829E-1,1.948157139E-2
3.064996100E1,-1.246782839E-1,-1.883373559E-1,2.592699789E-2
3.065995500E1,-1.262876242E-1,-2.021634281E-1,3.112815134E-2
3.066995000E1,-1.256945878E-1,-2.187147737E-1,4.071646184E-2
3.067994500E1,-1.196835712E-1,-2.332034260E-1,4.654399306E-2
3.068994000E1,-1.200819463E-1,-2.326857597E-1,5.538240075E-2
3.069993400E1,-1.236487180E-1,-2.314902693E-1,6.770831347E-2
3.070992900E1,-1.344234794E-1,-2.176477760E-1,8.234556019E-2
3.071992400E1,-1.487968266E-1,-2.062262744E-1,8.961518854E-2
3.072991900E1,-1.620669067E-1,-2.025299966E-1,8.413964510E-2
3.073991300E1,-1.732806861E-1,-2.008404881E-1,7.001556456E-2
3.074990800E1,-1.854154170E-1,-1.988250017E-1,5.806447566E-2
3.075990300E1,-1.968102753E-1,-2.023307830E-1,4.838148504E-2
3.076989800E1,-2.001226544E-1,-1.993868351E-1,4.351574183E-2
3.077989300E1,-1.984965354E-1,-1.840829700E-1,4.546677321E-2
3.078988700E1,-1.967327893E-1,-1.697710156E-1,5.868766457E-2
3.079988200E1,-1.848806590E-1,-1.567710638E-1,6.814108789E-2
3.080987700E1,-1.704838723E-1,-1.555079818E-1,7.152759284E-2
3.081987200E1,-1.596117914E-1,-1.615869105E-1,7.177020609E-2
3.082986600E1,-1.479985416E-1,-1.633661091E-1,7.137070596E-2
3.083986100E1,-1.393440664E-1,-1.593082547E-1,6.839888543E-2
3.084985600E1,-1.305526495E-1,-1.495284885E-1,7.201557606E-2
3.085985100E1,-1.249506846E-1,-1.311537474E-1,7.026535273E-2
3.086984500E1,-1.175084934E-1,-1.059608459E-1,7.099587470E-2
3.087984000E1,-1.177556366E-1,-8.422838897E-2,7.049334049E-2
3.088983500E1,-1.130735204E-1,-7.156501710E-2,7.233650237E-2
3.089983000E1,-1.190211624E-1,-6.248657405E-2,7.333572209E-2
3.090982400E1,-1.294794232E-1,-6.374540180E-2,7.656675577E-2
3.091981900E1,-1.340930909E-1,-7.117987424E-2,7.640456408E-2
3.092981400E1,-1.378444135E-1,-1.019859910E-1,7.476246357E-2
3.093980900E1,-1.340475380E-1,-1.415448487E-1,6.414523721E-2
3.094980400E1,-1.195932478E-1,-1.790576130E-1,5.929002911E-2
3.095979800E1,-1.027178615E-1,-2.026345730E-1,5.539862067E-2
3.096979300E1,-8.810663223E-2,-2.152291089E-1,4.889876395E-2
3.097978800E1,-7.516606897E-2,-2.162371129E-1,4.864869267E-2
3.098978300E1,-6.987389177E-2,-2.025765181E-1,5.315570533E-2
3.099977700E1,-7.590088993E-2,-1.827034801E-1,5.137191713E-2
3.100977200E1,-9.059089422E-2,-1.637543589E-1,4.528183490E-2
3.101976700E1,-8.799218386E-2,-1.411284059E-1,3.016732819E-2
3.102976200E1,-7.950102538E-2,-1.147571653E-1,1.978676952E-2
3.103975600E1,-6.003784761E-2,-5.940388888E-2,4.554086924E-2
3.104975100E1,-3.732524067E-2,-2.373814955E-2,6.370121241E-2
3.105974600E1,-1.227288507E-2,-2.282521687E-2,6.754335761E-2
3.106974100E1,-1.150175696E-3,-4.527209699E-2,6.063081324E-2
3.107973500E1,-3.726517549E-3,-8.008919656E-2,5.695538595E-2
3.108973000E1,-1.078739576E-2,-1.321460009E-1,4.984325171E-2
3.109972500E1,-1.914226450E-2,-1.707093716E-1,3.898767382E-2
3.110972000E1,-2.898289450E-2,-1.902009398E-1,3.827496618E-2
3.111971500E1,-4.723087698E-2,-1.881801337E-1,2.973527461E-2
3.112970900E1,-6.788107008E-2,-1.710336506E-1,1.606378704E-2
3.113970400E1,-8.688618988E-2,-1.282773912E-1,4.899284337E-3
3.114969900E1,-9.717480838E-2,-7.000738382E-2,1.234064810E-3
3.115969400E1,-1.100458652E-1,-1.881823316E-2,1.237140410E-2
3.116968800E1,-1.135649160E-1,2.353917062E-2,2.044622600E-2
3.117968300E1,-1.079842597E-1,3.820573166E-2,2.578932792E-2
3.118967800E1,-9.835960716E-2,2.986068092E-2,3.018302470E-2
3.119967300E1,-8.249542117E-2,3.157164901E-3,3.466752172E-2
3.120966700E1,-6.914470345E-2,-4.665555805E-2,3.720680252E-2
3.121966200E1,-5.685129017E-2,-1.069093123E-1,3.475483134E-2
3.122965700E1,-4.500182346E-2,-1.582489759E-1,3.449865058E-2
3.123965200E1,-4.206782207E-2,-1.852150708E-1,2.633073367E-2
3.124964600E1,-4.529152066E-2,-1.829829812E-1,1.837998629E-2
3.125964100E1,-5.051371455E-2,-1.511976272E-1,1.272742823E-2
3.126963600E1,-5.317115039E-2,-9.083847702E-2,6.892795209E-3
3.127963100E1,-5.352908000E-2,-2.597292513E-2,8.912802674E-3
3.128962600E1,-5.506271496E-2,2.792623267E-2,1.466102712E-2
3.129962000E1,-5.717886239E-2,5.550885946E-2,2.196181752E-2
3.130961500E1,-6.197758391E-2,5.748723447E-2,2.449041605E-2
3.131961000E1,-6.559362262E-2,3.575131297E-2,2.464674413E-2
3.132960500E1,-6.768481433E-2,-1.583378762E-2,2.600115351E-2
3.133959900E1,-6.953171641E-2,-8.062902838E-2,3.095090389E-2
3.134959400E1,-6.983446330E-2,-1.394062340E-1,3.841559589E-2
3.135958950E1,-7.222171873E-2,-1.740539521E-1,3.588266298E-2
3.136958450E1,-7.821410894E-2,-1.830536574E-1,3.790616617E-2
3.137957850E1,-8.106289059E-2,-1.734942347E-1,4.094882682E-2
3.138957350E1,-8.197716624E-2,-1.503458768E-1,4.969948530E-2
3.139956850E1,-8.211299032E-2,-1.189597249E-1,5.839736760E-2
3.140956350E1,-8.211518079E-2,-8.883631229E-2,6.894018501E-2
3.141955850E1,-7.732921094E-2,-6.342203170E-2,7.513789088E-2
3.142955250E1,-7.306680083E-2,-4.662262648E-2,8.315579593E-2
3.143954750E1,-5.654428154E-2,-4.755260795E-2,8.933646232E-2
3.144954250E1,-4.165853932E-2,-5.716791376E-2,9.125579149E-2
3.145953750E1,-2.399006113E-2,-7.108505815E-2,9.104087204E-2
3.146953150E1,-1.209477521E-2,-7.760893553E-2,9.457565099E-2
3.147952650E1,2.409867011E-4,-7.941988111E-2,8.704449981E-2
3.148952150E1,8.975422941E-3,-7.004351914E-2,8.056991547E-2
3.149951650E1,1.434622053E-2,-4.709559679E-2,7.792966068E-2
3.150951050E1,1.828521863E-2,-1.206571702E-2,7.423047721E-2
3.151950550E1,1.352614909E-2,2.552799694E-2,7.317693532E-2
3.152950050E1,1.729188720E-3,5.713921040E-2,7.845466584E-2
3.153949550E1,-6.617424544E-3,6.392122060E-2,7.743121684E-2
3.154948950E1,-7.396410685E-3,6.327719241E-2,6.610482186E-2
3.155948450E1,-1.057021553E-3,6.404178590E-2,6.664624065E-2
3.156947950E1,2.476949478E-3,6.510888785E-2,6.753452867E-2
3.157947450E1,4.195220768E-3,6.233467162E-2,6.328865141E-2
3.158946950E1,-1.854354981E-3,5.917523429E-2,5.924048275E-2
3.159946350E1,-1.045663189E-2,5.564228445E-2,5.864366889E-2
3.160945850E1,-2.638391592E-2,4.817861691E-2,5.886093527E-2
3.161945350E1,-3.696785122E-2,4.430558160E-2,6.182103977E-2
3.162944850E1,-4.960749671E-2,4.244791716E-2,6.115183234E-2
3.163944250E1,-5.596312881E-2,3.301233798E-2,5.962237716E-2
3.164943750E1,-6.115048379E-2,2.471466735E-2,5.347566679E-2
3.165943250E1,-6.354786456E-2,1.069099456E-2,5.003326386E-2
3.166942750E1,-6.373345107E-2,-4.832584411E-3,4.546823725E-2
3.167942150E1,-5.861565098E-2,-1.208783407E-2,4.009264708E-2
3.168941650E1,-5.417401344E-2,-1.502093207E-2,3.910430521E-2
3.169941150E1,-5.285868049E-2,-8.419221267E-3,3.877886757E-2
3.170940650E1,-5.936527252E-2,9.473687969E-4,3.884427994E-2
3.171940150E1,-6.702692062E-2,9.689994156E-3,4.010315239E-2
3.172939550E1,-7.041905075E-2,1.958407462E-2,4.248949140E-2
3.173939050E1,-6.755562127E-2,2.876319177E-2,4.186684266E-2
3.174938550E1,-6.852285564E-2,3.788569570E-2,4.260822758E-2
3.175938050E1,-6.542479992E-2,4.065617919E-2,3.963214532E-2
3.176937450E1,-5.992374942E-2,4.024570063E-2,3.264420107E-2
3.177936950E1,-5.744168162E-2,3.990987688E-2,3.062339500E-2
3.178936450E1,-4.944565520E-2,2.984373644E-2,3.076670319E-2
3.179935950E1,-4.654067755E-2,3.070473671E-2,3.202717751E-2
3.180935350E1,-4.518934712E-2,2.180101164E-2,2.370414697E-2
3.181934850E1,-3.891573846E-2,6.435371470E-3,2.570657805E-2
3.182934350E1,-3.161862865E-2,7.553957868E-3,5.048716068E-2
3.183933850E1,-2.647472918E-2,5.709453020E-3,6.183941662E-2
3.184933250E1,-1.646258123E-2,2.308826428E-3,6.643471122E-2
3.185932750E1,-7.251239382E-3,-1.826263731E-3,6.844859570E-2
3.186932250E1,-2.788114594E-3,2.830105834E-3,7.133590430E-2
3.187931750E1,-2.062935848E-3,9.249921888E-3,6.457068026E-2
3.188931250E1,1.585361431E-3,2.008707449E-2,5.663862824E-2
3.189930650E1,-1.482866472E-3,2.394892275E-2,4.237740114E-2
3.190930150E1,-5.969970487E-3,2.426939644E-2,3.621629998E-2
3.191929650E1,-1.801518165E-2,2.189332433E-2,3.327403963E-2
3.192929150E1,-3.272166848E-2,2.360161953E-2,2.647067234E-2
3.193928550E1,-4.676078632E-2,2.108626440E-2,2.273399010E-2
3.194928050E1,-6.223143265E-2,8.976668119E-3,2.453767136E-2
3.195927550E1,-6.891995668E-2,-8.679556660E-3,2.410330996E-2
3.196927050E1,-7.836005092E-2,-3.225481510E-2,1.944033615E-2
3.197926450E1,-7.409925759E-2,-5.015205592E-2,1.112861093E-2
3.198925950E1,-7.001367956E-2,-6.125409901E-2,9.895242751E-3
3.199925450E1,-7.203608006E-2,-5.742340535E-2,9.253687225E-3
3.200924950E1,-7.240337133E-2,-4.190754890E-2,1.066340134E-2
3.201924350E1,-7.853370160E-2,-1.382851228E-2,1.145143062E-2
3.202923850E1,-7.659547776E-2,1.155503280E-2,1.311035827E-2
3.203923350E1,-6.856498122E-2,3.009808995E-2,1.699777320E-2
3.204922850E1,-5.506033078E-2,2.787555940E-2,2.590039559E-2
3.205922350E1,-3.535347059E-2,2.533969842E-2,2.849964052E-2
3.206921750E1,-2.024617791E-2,1.596655883E-2,3.084860928E-2
3.207921250E1,-8.954375982E-3,9.828770533E-3,3.950148448E-2
3.208920750E1,5.160688423E-3,1.808418427E-3,4.795743898E-2
3.209920250E1,7.831572555E-3,4.581834190E-3,4.660268873E-2
3.210919650E1,1.068592723E-2,2.061540727E-3,4.848320037E-2
3.211919150E1,1.426468231E-2,5.026970059E-3,4.572496563E-2
3.212918650E1,1.558585465E-2,9.144073352E-3,4.419770092E-2
3.213918150E1,1.317089982E-2,2.129421197E-2,4.632849619E-2
3.214917550E1,1.326921023E-2,2.695900947E-2,4.113629833E-2
3.215917050E1,1.026223507E-2,2.834838070E-2,3.720973060E-2
3.216916550E1,8.920001797E-3,2.180526033E-2,3.183867037E-2
3.217916050E1,5.838457495E-3,1.225116849E-2,3.535723686E-2
3.218915550E1,8.996822871E-4,7.074877620E-3,3.133145720E-2
3.219914950E1,-4.718456184E-4,3.236729652E-3,3.040095046E-2
3.220914450E1,8.519546827E-4,1.225682441E-3,2.284543961E-2
3.221913950E1,-8.709591813E-3,-4.763766658E-3,1.713109575E-2
3.222913450E1,-1.483458001E-2,-8.234556764E-3,1.372220553E-2
3.223912850E1,-2.333885245E-2,-8.838561364E-3,7.817178033E-3
3.224912350E1,-2.262652852E-2,-5.315935239E-3,4.289213568E-3
3.225911850E1,-2.511152439E-2,-5.235773977E-3,5.035963841E-3
3.226911350E1,-2.345738001E-2,-3.893445712E-3,8.823897690E-3
3.227910750E1,-2.194310538E-2,-1.306654885E-4,1.136641763E-2
3.228910250E1,-2.386563644E-2,-3.547997447E-3,1.025905926E-2
3.229909750E1,-2.281182259E-2,-1.155612245E-2,1.489801891E-2
3.230909250E1,-1.663017273E-2,-2.287399769E-2,1.058577001E-2
3.231908650E1,-1.820623130E-2,-3.481880948E-2,7.071197033E-3
3.232908150E1,-1.651752926E-2,-4.795945063E-2,1.019644644E-2
3.233907650E1,-1.459845714E-2,-5.802859366E-2,1.125958003E-2
3.234907150E1,-1.005950384E-2,-5.975429341E-2,1.309522521E-2
3.235906579E1,-4.728653934E-3,-6.335728616E-2,9.259208106E-3
3.236905979E1,-1.008818159E-3,-6.370951980E-2,8.289725520E-3
3.237905479E1,-2.042923588E-3,-5.771500990E-2,5.262244027E-3
3.238904979E1,-1.091574784E-3,-4.795755446E-2,2.254295629E-3
3.239904479E1,-6.817371119E-3,-3.189709410E-2,3.423423273E-3
3.240903879E1,-1.056421734E-2,-6.094548386E-3,1.279200707E-2
3.241903379E1,-2.059314959E-2,1.728028245E-2,1.824855804E-2
3.242902879E1,-2.355273068E-2,3.126659989E-2,2.513685264E-2
3.243902379E1,-2.886120975E-2,4.372193664E-2,3.143230081E-2
3.244901779E1,-2.997994795E-2,5.177995935E-2,3.653850034E-2
3.245901279E1,-4.127334803E-2,4.309299216E-2,3.565566242E-2
3.246900779E1,-3.837237880E-2,2.608304471E-2,3.585675731E-2
3.247900279E1,-3.728900477E-2,7.477402687E-3,3.922538832E-2
3.248899679E1,-2.228449471E-2,-7.218754385E-3,4.597332329E-2
3.249899179E1,-1.274505258E-2,-1.088592689E-2,5.111109465E-2
3.250898679E1,-3.307902720E-3,-4.257766064E-3,5.571124703E-2
3.251898179E1,2.801388735E-3,6.017241627E-3,6.445147097E-2
3.252897679E1,7.654710673E-3,1.008347794E-2,6.799646467E-2
3.253897079E1,1.626124978E-2,1.439593453E-2,7.444557548E-2
3.254896579E1,1.058238000E-2,1.648542006E-3,7.295300066E-2
3.255896079E1,1.387218293E-2,-3.009660356E-2,6.152616814E-2
3.256895579E1,1.816782355E-2,-4.491921142E-2,6.136834621E-2
3.257894979E1,1.337306760E-2,-3.409958631E-2,5.129893497E-2
3.258894479E1,1.626927219E-2,-3.139423952E-2,4.204999655E-2
3.259893979E1,8.434518240E-3,-2.638296969E-2,4.103054106E-2
3.260893479E1,1.045718882E-2,-9.016497061E-3,4.594567046E-2
3.261892879E1,6.454191636E-3,5.918510724E-3,5.021924525E-2
3.262892379E1,5.151980557E-3,2.820390742E-3,4.946165532E-2
3.263891879E1,5.987741170E-4,-8.195774630E-3,4.611459374E-2
3.264891379E1,-8.633147925E-3,-2.804824337E-2,4.036022350E-2
3.265890879E1,-1.569345407E-2,-5.516375229E-2,3.095553629E-2
3.266890279E1,-2.344329841E-2,-7.060424984E-2,2.047131956E-2
3.267889779E1,-3.704459593E-2,-8.056740463E-2,1.214281656E-2
3.268889279E1,-5.312044919E-2,-8.294847608E-2,6.710101850E-3
3.269888779E1,-5.992269516E-2,-8.100969344E-2,5.065347068E-4
3.270888179E1,-5.660175532E-2,-8.807387948E-2,8.480106480E-4
3.271887679E1,-6.402052194E-2,-8.789171278E-2,3.024664521E-2
3.272887179E1,-6.786241382E-2,-9.911593795E-2,6.769657880E-2
3.273886679E1,-7.433602959E-2,-1.159370020E-1,9.215771407E-2
3.274886079E1,-8.168418705E-2,-1.382466108E-1,1.132695675E-1
3.275885579E1,-9.273257107E-2,-1.630313247E-1,1.322355419E-1
3.276885079E1,-1.005049497E-1,-1.832669973E-1,1.507222503E-1
3.277884579E1,-1.044911668E-1,-1.895413995E-1,1.685356051E-1
3.278884079E1,-1.072930917E-1,-1.908602268E-1,1.983529031E-1
3.279883479E1,-1.179353446E-1,-1.824172139E-1,2.292258739E-1
3.280882979E1,-1.294966340E-1,-1.904236078E-1,2.559314668E-1
3.281882479E1,-1.403223872E-1,-2.184432596E-1,2.761245966E-1
3.282881979E1,-1.530332267E-1,-2.598475516E-1,2.850246131E-1
3.283881379E1,-1.569912136E-1,-3.042363226E-1,2.894462645E-1
3.284880879E1,-1.619066298E-1,-3.344414830E-1,2.890695035E-1
3.285880379E1,-1.674955487E-1,-3.494158983E-1,2.856337428E-1
3.286879879E1,-1.771716177E-1,-3.390714526E-1,2.839645147E-1
3.287879279E1,-1.900155246E-1,-3.106757700E-1,2.838532031E-1
3.288878779E1,-2.113614976E-1,-2.668663859E-1,2.847952545E-1
3.289878279E1,-2.312153578E-1,-2.306348681E-1,2.877899706E-1
3.290877779E1,-2.484683245E-1,-2.084117681E-1,2.908895016E-1
3.291877179E1,-2.690614760E-1,-2.171248347E-1,2.905867100E-1
3.292876679E1,-2.771810591E-1,-2.447084785E-1,2.823397219E-1
3.293876179E1,-2.635632455E-1,-2.891529202E-1,2.805767059E-1
3.294875679E1,-2.530791759E-1,-3.396548331E-1,2.816739678E-1
3.295875079E1,-2.524099052E-1,-3.817276955E-1,2.874167860E-1
3.296874579E1,-2.513233423E-1,-4.151641130E-1,2.918511927E-1
3.297874079E1,-2.569471598E-1,-4.369338453E-1,2.932648063E-1
3.298873579E1,-2.596576810E-1,-4.503447711E-1,2.966197729E-1
3.299873079E1,-2.620494664E-1,-4.530252516E-1,3.045682311E-1
3.300872479E1,-2.667558193E-1,-4.488489032E-1,3.038358688E-1
3.301871979E1,-2.647967935E-1,-4.379914403E-1,3.061411083E-1
3.302871479E1,-2.572307289E-1,-4.187035859E-1,3.156667352E-1
3.303870979E1,-2.497456819E-1,-3.862020969E-1,3.244135976E-1
3.304870379E1,-2.422517687E-1,-3.538447022E-1,3.305302262E-1
3.305869879E1,-2.363837510E-1,-3.279252052E-1,3.292527199E-1
3.306869379E1,-2.439256012E-1,-3.363786340E-1,3.026465178E-1
3.307868879E1,-2.504471540E-1,-3.730777800E-1,2.403472215E-1
3.308868379E1,-2.616310120E-1,-3.943931162E-1,1.757856458E-1
3.309867779E1,-2.668199241E-1,-3.909752071E-1,1.356081367E-1
3.310867279E1,-2.765583694E-1,-3.696044385E-1,1.138566136E-1
3.311866779E1,-2.771900594E-1,-3.309819400E-1,9.119790792E-2
3.312866279E1,-2.772164047E-1,-2.754828036E-1,6.972502917E-2
3.313865679E1,-2.803011537E-1,-2.189513594E-1,5.671975389E-2
3.314865179E1,-2.723465264E-1,-1.740656942E-1,5.140799284E-2
3.315864679E1,-2.749369740E-1,-1.376195252E-1,4.386139661E-2
3.316864179E1,-2.651320398E-1,-1.144694164E-1,3.824220970E-2
3.317863579E1,-2.507384717E-1,-1.087023467E-1,4.119911790E-2
3.318863079E1,-2.328039706E-1,-1.112797037E-1,4.321175814E-2
3.319862579E1,-2.120193243E-1,-1.314749867E-1,4.729225487E-2
3.320862079E1,-1.822824180E-1,-1.559586972E-1,4.823407903E-2
3.321861479E1,-1.591877490E-1,-1.804645658E-1,5.027991906E-2
3.322860979E1,-1.274245530E-1,-1.965536177E-1,5.350648612E-2
3.323860479E1,-1.000712216E-1,-2.071199715E-1,5.751960352E-2
3.324859979E1,-7.347365469E-2,-2.043864876E-1,5.592079088E-2
3.325859479E1,-5.385494977E-2,-1.991943866E-1,5.298279226E-2
3.326858879E1,-4.027796537E-2,-1.945087910E-1,3.760590404E-2
3.327858379E1,-3.351113945E-2,-1.769788116E-1,1.840265095E-2
3.328857879E1,-3.499791399E-2,-1.626361907E-1,8.979942650E-3
3.329857379E1,-3.606664389E-2,-1.567665786E-1,1.138797961E-3
3.330856779E1,-3.564875200E-2,-1.441615820E-1,-9.094499052E-3
3.331856279E1,-4.060356319E-2,-1.320929378E-1,-1.750183292E-2
3.332855779E1,-3.928934410E-2,-1.229381189E-1,-3.016822971E-2
3.333855279E1,-4.152826592E-2,-1.244723648E-1,-4.471867532E-2
3.334854679E1,-4.451948404E-2,-1.358171701E-1,-6.017576531E-2
3.335854204E1,-4.557942227E-2,-1.415163428E-1,-6.714978069E-2
3.336853704E1,-4.831532761E-2,-1.339140236E-1,-7.084137201E-2
3.337853204E1,-4.957473651E-2,-1.138276681E-1,-7.228826731E-2
3.338852604E1,-5.490979925E-2,-8.831962198E-2,-6.375268102E-2
3.339852104E1,-5.699425191E-2,-6.642018259E-2,-5.517011508E-2
3.340851604E1,-5.888465047E-2,-4.956584424E-2,-4.786857590E-2
3.341851104E1,-5.626276881E-2,-4.239741340E-2,-4.923078045E-2
3.342850504E1,-5.295562372E-2,-4.186909273E-2,-4.742737487E-2
3.343850004E1,-4.718561843E-2,-3.495313227E-2,-4.143126681E-2
3.344849504E1,-3.792744875E-2,-3.774334863E-2,-3.283473477E-2
3.345849004E1,-4.112457484E-2,-1.497015655E-1,-5.248619989E-2
3.346848504E1,-4.570033774E-2,-1.205762029E-1,-7.182174921E-2
3.347847904E1,-4.518821463E-2,-9.423780441E-2,-6.268177927E-2
3.348847404E1,-4.666704312E-2,-6.166693568E-2,-4.870637134E-2
3.349846904E1,-3.013600409E-2,-1.375880092E-2,-2.248169109E-2
3.350846404E1,-1.974330656E-2,3.119903151E-3,-1.768181846E-2
3.351845804E1,-3.941440489E-3,1.560160704E-2,-2.190852165E-2
3.352845304E1,9.358912706E-3,1.700372621E-2,-1.191978902E-2
3.353844804E1,2.302119508E-2,-7.041690405E-3,2.726797946E-3